previous_id,previous_delay,benefit
,,no benefit
,,no benefit
,,no benefit
,,no benefit
,,no benefit
563782.0,136.0,benefit
,,no benefit
,,no benefit
,,no benefit
,,no benefit
,,no benefit
,,no benefit
,,no benefit
,,no benefit
,,no benefit
,,no benefit
,,no benefit
,,no benefit
545639.0,140.0,benefit
,,no benefit
,,no benefit
,,no benefit
,,no benefit
,,no benefit
,,no benefit
,,no benefit
,,no benefit
,,no benefit
,,no benefit
,,no benefit
,,no benefit
,,no benefit
,,no benefit
,,no benefit
,,no benefit
,,no benefit
557404.0,-352.0,no benefit
,,no benefit
,,no benefit
,,no benefit
,,no benefit
,,no benefit
,,no benefit
,,no benefit
,,no benefit
,,no benefit
,,no benefit
,,no benefit
,,no benefit
,,no benefit
,,no benefit
,,no benefit
,,no benefit
,,no benefit
,,no benefit
,,no benefit
,,no benefit
,,no benefit
556563.0,23.0,benefit
,,no benefit
,,no benefit
,,no benefit
,,no benefit
,,no benefit
,,no benefit
,,no benefit
,,no benefit
531158.0,29.0,benefit
,,no benefit
,,no benefit
,,no benefit
,,no benefit
,,no benefit
,,no benefit
,,no benefit
,,no benefit
,,no benefit
,,no benefit
,,no benefit
,,no benefit
535512.0,44.0,benefit
,,no benefit
,,no benefit
524703.0,7.0,benefit
,,no benefit
,,no benefit
,,no benefit
,,no benefit
,,no benefit
,,no benefit
,,no benefit
,,no benefit
,,no benefit
,,no benefit
,,no benefit
,,no benefit
,,no benefit
,,no benefit
,,no benefit
,,no benefit
539005.0,-29.0,no benefit
,,no benefit
,,no benefit
,,no benefit
,,no benefit
,,no benefit
,,no benefit
,,no benefit
,,no benefit
,,no benefit
,,no benefit
,,no benefit
,,no benefit
,,no benefit
,,no benefit
,,no benefit
,,no benefit
,,no benefit
,,no benefit
,,no benefit
,,no benefit
,,no benefit
,,no benefit
,,no benefit
,,no benefit
,,no benefit
,,no benefit
,,no benefit
,,no benefit
,,no benefit
,,no benefit
,,no benefit
,,no benefit
543426.0,51.0,benefit
,,no benefit
,,no benefit
,,no benefit
,,no benefit
539751.0,3.0,benefit
,,no benefit
,,no benefit
,,no benefit
,,no benefit
,,no benefit
,,no benefit
,,no benefit
,,no benefit
,,no benefit
,,no benefit
,,no benefit
,,no benefit
,,no benefit
,,no benefit
540607.0,1.0,benefit
,,no benefit
,,no benefit
,,no benefit
,,no benefit
,,no benefit
,,no benefit
,,no benefit
540444.0,131.0,benefit
,,no benefit
,,no benefit
,,no benefit
,,no benefit
,,no benefit
,,no benefit
,,no benefit
,,no benefit
,,no benefit
,,no benefit
,,no benefit
,,no benefit
,,no benefit
,,no benefit
,,no benefit
,,no benefit
,,no benefit
552619.0,-38.0,no benefit
,,no benefit
,,no benefit
,,no benefit
,,no benefit
,,no benefit
540663.0,60.0,benefit
,,no benefit
,,no benefit
543010.0,42.0,benefit
,,no benefit
536315.0,-191.0,no benefit
,,no benefit
,,no benefit
,,no benefit
,,no benefit
,,no benefit
,,no benefit
,,no benefit
,,no benefit
,,no benefit
,,no benefit
,,no benefit
,,no benefit
,,no benefit
,,no benefit
,,no benefit
,,no benefit
,,no benefit
,,no benefit
,,no benefit
,,no benefit
,,no benefit
,,no benefit
,,no benefit
,,no benefit
,,no benefit
,,no benefit
,,no benefit
,,no benefit
,,no benefit
,,no benefit
,,no benefit
,,no benefit
546578.0,-536.0,no benefit
,,no benefit
,,no benefit
,,no benefit
548486.0,-3.0,no benefit
,,no benefit
,,no benefit
,,no benefit
,,no benefit
,,no benefit
,,no benefit
,,no benefit
,,no benefit
,,no benefit
,,no benefit
,,no benefit
,,no benefit
,,no benefit
,,no benefit
,,no benefit
,,no benefit
535868.0,16.0,benefit
,,no benefit
,,no benefit
,,no benefit
,,no benefit
,,no benefit
,,no benefit
,,no benefit
,,no benefit
,,no benefit
,,no benefit
,,no benefit
,,no benefit
,,no benefit
,,no benefit
,,no benefit
,,no benefit
,,no benefit
,,no benefit
553683.0,42.0,benefit
,,no benefit
,,no benefit
,,no benefit
,,no benefit
,,no benefit
,,no benefit
,,no benefit
,,no benefit
,,no benefit
,,no benefit
,,no benefit
,,no benefit
,,no benefit
,,no benefit
,,no benefit
,,no benefit
,,no benefit
,,no benefit
,,no benefit
,,no benefit
,,no benefit
,,no benefit
,,no benefit
,,no benefit
,,no benefit
545782.0,-9.0,no benefit
,,no benefit
,,no benefit
,,no benefit
,,no benefit
,,no benefit
,,no benefit
,,no benefit
,,no benefit
549192.0,45.0,benefit
,,no benefit
,,no benefit
,,no benefit
,,no benefit
,,no benefit
,,no benefit
,,no benefit
,,no benefit
,,no benefit
,,no benefit
,,no benefit
,,no benefit
,,no benefit
,,no benefit
,,no benefit
,,no benefit
,,no benefit
554800.0,-672.0,no benefit
547312.0,-77.0,no benefit
,,no benefit
550476.0,-236.0,no benefit
,,no benefit
,,no benefit
,,no benefit
,,no benefit
,,no benefit
,,no benefit
,,no benefit
,,no benefit
,,no benefit
,,no benefit
,,no benefit
519328.0,-4.0,no benefit
,,no benefit
,,no benefit
,,no benefit
,,no benefit
,,no benefit
,,no benefit
,,no benefit
,,no benefit
,,no benefit
,,no benefit
,,no benefit
,,no benefit
,,no benefit
,,no benefit
560722.0,-33.0,no benefit
,,no benefit
,,no benefit
,,no benefit
,,no benefit
,,no benefit
,,no benefit
,,no benefit
,,no benefit
,,no benefit
,,no benefit
,,no benefit
,,no benefit
,,no benefit
,,no benefit
,,no benefit
,,no benefit
,,no benefit
,,no benefit
,,no benefit
,,no benefit
,,no benefit
,,no benefit
,,no benefit
,,no benefit
,,no benefit
,,no benefit
,,no benefit
,,no benefit
,,no benefit
,,no benefit
,,no benefit
,,no benefit
,,no benefit
550183.0,-1333.0,no benefit
,,no benefit
,,no benefit
,,no benefit
,,no benefit
,,no benefit
566170.0,-2.0,no benefit
549813.0,-58.0,no benefit
,,no benefit
,,no benefit
,,no benefit
555341.0,-24.0,no benefit
,,no benefit
,,no benefit
,,no benefit
,,no benefit
,,no benefit
,,no benefit
,,no benefit
,,no benefit
,,no benefit
,,no benefit
,,no benefit
520878.0,-42.0,no benefit
553797.0,-9.0,no benefit
,,no benefit
540868.0,26.0,benefit
,,no benefit
,,no benefit
,,no benefit
,,no benefit
,,no benefit
,,no benefit
,,no benefit
,,no benefit
,,no benefit
,,no benefit
,,no benefit
,,no benefit
,,no benefit
,,no benefit
,,no benefit
558711.0,10.0,benefit
,,no benefit
545475.0,54.0,benefit
541144.0,46.0,benefit
,,no benefit
,,no benefit
,,no benefit
,,no benefit
,,no benefit
,,no benefit
,,no benefit
,,no benefit
,,no benefit
,,no benefit
,,no benefit
,,no benefit
,,no benefit
,,no benefit
,,no benefit
,,no benefit
,,no benefit
,,no benefit
,,no benefit
,,no benefit
,,no benefit
,,no benefit
,,no benefit
,,no benefit
,,no benefit
,,no benefit
,,no benefit
,,no benefit
567278.0,-425.0,no benefit
,,no benefit
,,no benefit
554558.0,-13.0,no benefit
,,no benefit
,,no benefit
,,no benefit
564484.0,-347.0,no benefit
,,no benefit
,,no benefit
555024.0,63.0,benefit
,,no benefit
,,no benefit
552005.0,-88.0,no benefit
,,no benefit
,,no benefit
,,no benefit
,,no benefit
,,no benefit
,,no benefit
,,no benefit
,,no benefit
,,no benefit
,,no benefit
,,no benefit
,,no benefit
,,no benefit
,,no benefit
,,no benefit
,,no benefit
,,no benefit
,,no benefit
,,no benefit
,,no benefit
,,no benefit
,,no benefit
,,no benefit
,,no benefit
,,no benefit
,,no benefit
,,no benefit
,,no benefit
,,no benefit
,,no benefit
,,no benefit
,,no benefit
,,no benefit
,,no benefit
,,no benefit
,,no benefit
,,no benefit
,,no benefit
,,no benefit
536236.0,3.0,benefit
,,no benefit
,,no benefit
,,no benefit
,,no benefit
,,no benefit
,,no benefit
,,no benefit
,,no benefit
545830.0,58.0,benefit
,,no benefit
,,no benefit
,,no benefit
,,no benefit
,,no benefit
,,no benefit
,,no benefit
,,no benefit
,,no benefit
,,no benefit
565896.0,-405.0,no benefit
,,no benefit
,,no benefit
,,no benefit
,,no benefit
,,no benefit
,,no benefit
,,no benefit
,,no benefit
,,no benefit
,,no benefit
,,no benefit
,,no benefit
,,no benefit
,,no benefit
,,no benefit
,,no benefit
,,no benefit
,,no benefit
,,no benefit
,,no benefit
,,no benefit
,,no benefit
,,no benefit
,,no benefit
,,no benefit
,,no benefit
,,no benefit
,,no benefit
,,no benefit
,,no benefit
,,no benefit
,,no benefit
569297.0,-451.0,no benefit
,,no benefit
,,no benefit
,,no benefit
,,no benefit
,,no benefit
,,no benefit
,,no benefit
,,no benefit
567178.0,145.0,benefit
,,no benefit
563925.0,-31.0,no benefit
,,no benefit
,,no benefit
,,no benefit
,,no benefit
,,no benefit
,,no benefit
,,no benefit
,,no benefit
564959.0,-2.0,no benefit
,,no benefit
,,no benefit
,,no benefit
,,no benefit
,,no benefit
,,no benefit
,,no benefit
,,no benefit
,,no benefit
,,no benefit
566412.0,-129.0,no benefit
565775.0,8.0,benefit
,,no benefit
,,no benefit
,,no benefit
562527.0,-203.0,no benefit
,,no benefit
,,no benefit
570337.0,-37.0,no benefit
,,no benefit
,,no benefit
,,no benefit
573393.0,-551.0,no benefit
,,no benefit
,,no benefit
,,no benefit
,,no benefit
,,no benefit
,,no benefit
,,no benefit
,,no benefit
,,no benefit
,,no benefit
,,no benefit
,,no benefit
,,no benefit
,,no benefit
,,no benefit
,,no benefit
545076.0,-35.0,no benefit
,,no benefit
,,no benefit
,,no benefit
,,no benefit
,,no benefit
,,no benefit
,,no benefit
,,no benefit
523328.0,-133.0,no benefit
,,no benefit
,,no benefit
,,no benefit
,,no benefit
,,no benefit
,,no benefit
,,no benefit
,,no benefit
,,no benefit
,,no benefit
,,no benefit
,,no benefit
,,no benefit
,,no benefit
541898.0,-45.0,no benefit
,,no benefit
,,no benefit
506728.0,-67.0,no benefit
529252.0,-104.0,no benefit
,,no benefit
,,no benefit
,,no benefit
,,no benefit
,,no benefit
,,no benefit
,,no benefit
,,no benefit
,,no benefit
,,no benefit
,,no benefit
,,no benefit
,,no benefit
,,no benefit
,,no benefit
,,no benefit
,,no benefit
,,no benefit
,,no benefit
,,no benefit
,,no benefit
,,no benefit
,,no benefit
,,no benefit
,,no benefit
,,no benefit
,,no benefit
,,no benefit
569554.0,-15.0,no benefit
,,no benefit
,,no benefit
,,no benefit
,,no benefit
572909.0,13.0,benefit
571864.0,-232.0,no benefit
,,no benefit
,,no benefit
,,no benefit
,,no benefit
,,no benefit
,,no benefit
,,no benefit
,,no benefit
,,no benefit
,,no benefit
,,no benefit
,,no benefit
,,no benefit
,,no benefit
,,no benefit
,,no benefit
,,no benefit
,,no benefit
,,no benefit
,,no benefit
,,no benefit
,,no benefit
,,no benefit
,,no benefit
,,no benefit
,,no benefit
,,no benefit
,,no benefit
,,no benefit
,,no benefit
,,no benefit
,,no benefit
,,no benefit
,,no benefit
,,no benefit
,,no benefit
,,no benefit
,,no benefit
,,no benefit
,,no benefit
,,no benefit
,,no benefit
,,no benefit
,,no benefit
,,no benefit
,,no benefit
,,no benefit
514932.0,36.0,benefit
,,no benefit
,,no benefit
,,no benefit
,,no benefit
,,no benefit
,,no benefit
,,no benefit
,,no benefit
,,no benefit
,,no benefit
,,no benefit
,,no benefit
,,no benefit
,,no benefit
,,no benefit
,,no benefit
,,no benefit
,,no benefit
,,no benefit
,,no benefit
,,no benefit
,,no benefit
,,no benefit
,,no benefit
,,no benefit
,,no benefit
,,no benefit
,,no benefit
536325.0,-23.0,no benefit
,,no benefit
,,no benefit
,,no benefit
,,no benefit
,,no benefit
,,no benefit
,,no benefit
,,no benefit
,,no benefit
,,no benefit
,,no benefit
,,no benefit
,,no benefit
,,no benefit
,,no benefit
,,no benefit
533413.0,4.0,benefit
,,no benefit
,,no benefit
,,no benefit
,,no benefit
,,no benefit
,,no benefit
,,no benefit
,,no benefit
,,no benefit
,,no benefit
,,no benefit
,,no benefit
,,no benefit
,,no benefit
,,no benefit
,,no benefit
,,no benefit
,,no benefit
541519.0,95.0,benefit
,,no benefit
,,no benefit
,,no benefit
,,no benefit
,,no benefit
,,no benefit
,,no benefit
,,no benefit
,,no benefit
,,no benefit
,,no benefit
,,no benefit
,,no benefit
,,no benefit
,,no benefit
,,no benefit
,,no benefit
,,no benefit
,,no benefit
,,no benefit
,,no benefit
,,no benefit
,,no benefit
,,no benefit
,,no benefit
,,no benefit
,,no benefit
,,no benefit
,,no benefit
,,no benefit
,,no benefit
,,no benefit
,,no benefit
,,no benefit
,,no benefit
,,no benefit
,,no benefit
,,no benefit
,,no benefit
513582.0,28.0,benefit
,,no benefit
,,no benefit
,,no benefit
,,no benefit
,,no benefit
,,no benefit
,,no benefit
,,no benefit
,,no benefit
,,no benefit
,,no benefit
,,no benefit
,,no benefit
,,no benefit
,,no benefit
,,no benefit
,,no benefit
,,no benefit
,,no benefit
,,no benefit
,,no benefit
,,no benefit
,,no benefit
,,no benefit
,,no benefit
,,no benefit
,,no benefit
,,no benefit
,,no benefit
,,no benefit
,,no benefit
,,no benefit
,,no benefit
,,no benefit
,,no benefit
,,no benefit
,,no benefit
,,no benefit
,,no benefit
,,no benefit
,,no benefit
,,no benefit
,,no benefit
,,no benefit
,,no benefit
,,no benefit
,,no benefit
,,no benefit
,,no benefit
,,no benefit
,,no benefit
539733.0,73.0,benefit
,,no benefit
,,no benefit
532312.0,-115.0,no benefit
,,no benefit
,,no benefit
,,no benefit
,,no benefit
,,no benefit
,,no benefit
,,no benefit
,,no benefit
,,no benefit
547208.0,5.0,benefit
,,no benefit
,,no benefit
,,no benefit
,,no benefit
,,no benefit
,,no benefit
,,no benefit
,,no benefit
,,no benefit
,,no benefit
,,no benefit
,,no benefit
,,no benefit
,,no benefit
,,no benefit
,,no benefit
,,no benefit
,,no benefit
536220.0,-10.0,no benefit
,,no benefit
546057.0,-86.0,no benefit
,,no benefit
,,no benefit
,,no benefit
551094.0,-43.0,no benefit
,,no benefit
,,no benefit
,,no benefit
,,no benefit
,,no benefit
,,no benefit
,,no benefit
,,no benefit
,,no benefit
,,no benefit
,,no benefit
,,no benefit
,,no benefit
,,no benefit
,,no benefit
,,no benefit
,,no benefit
,,no benefit
,,no benefit
,,no benefit
,,no benefit
,,no benefit
,,no benefit
,,no benefit
,,no benefit
,,no benefit
,,no benefit
,,no benefit
,,no benefit
,,no benefit
,,no benefit
,,no benefit
,,no benefit
,,no benefit
,,no benefit
,,no benefit
,,no benefit
,,no benefit
,,no benefit
,,no benefit
,,no benefit
,,no benefit
,,no benefit
,,no benefit
,,no benefit
,,no benefit
,,no benefit
,,no benefit
,,no benefit
,,no benefit
,,no benefit
,,no benefit
,,no benefit
,,no benefit
,,no benefit
,,no benefit
536761.0,-3.0,no benefit
,,no benefit
,,no benefit
,,no benefit
,,no benefit
,,no benefit
,,no benefit
,,no benefit
,,no benefit
,,no benefit
,,no benefit
,,no benefit
,,no benefit
,,no benefit
,,no benefit
,,no benefit
,,no benefit
,,no benefit
,,no benefit
,,no benefit
,,no benefit
,,no benefit
,,no benefit
,,no benefit
,,no benefit
,,no benefit
,,no benefit
,,no benefit
,,no benefit
,,no benefit
,,no benefit
,,no benefit
,,no benefit
,,no benefit
,,no benefit
,,no benefit
556215.0,77.0,benefit
,,no benefit
,,no benefit
,,no benefit
,,no benefit
,,no benefit
,,no benefit
,,no benefit
538807.0,7.0,benefit
,,no benefit
,,no benefit
,,no benefit
,,no benefit
,,no benefit
,,no benefit
,,no benefit
,,no benefit
,,no benefit
539404.0,-16.0,no benefit
,,no benefit
,,no benefit
,,no benefit
,,no benefit
,,no benefit
547311.0,7.0,benefit
536685.0,-79.0,no benefit
,,no benefit
,,no benefit
,,no benefit
,,no benefit
,,no benefit
,,no benefit
,,no benefit
,,no benefit
543878.0,187.0,benefit
,,no benefit
,,no benefit
,,no benefit
,,no benefit
,,no benefit
,,no benefit
,,no benefit
,,no benefit
,,no benefit
,,no benefit
,,no benefit
,,no benefit
,,no benefit
541053.0,-126.0,no benefit
,,no benefit
,,no benefit
541971.0,137.0,benefit
545322.0,-55.0,no benefit
,,no benefit
,,no benefit
,,no benefit
,,no benefit
,,no benefit
,,no benefit
,,no benefit
,,no benefit
,,no benefit
,,no benefit
,,no benefit
,,no benefit
,,no benefit
538192.0,-64.0,no benefit
,,no benefit
,,no benefit
,,no benefit
,,no benefit
,,no benefit
,,no benefit
,,no benefit
,,no benefit
,,no benefit
,,no benefit
536978.0,271.0,benefit
,,no benefit
,,no benefit
,,no benefit
,,no benefit
,,no benefit
,,no benefit
,,no benefit
,,no benefit
,,no benefit
,,no benefit
,,no benefit
,,no benefit
,,no benefit
,,no benefit
,,no benefit
,,no benefit
,,no benefit
,,no benefit
,,no benefit
,,no benefit
,,no benefit
,,no benefit
540590.0,-57.0,no benefit
,,no benefit
,,no benefit
,,no benefit
,,no benefit
537416.0,-12.0,no benefit
,,no benefit
,,no benefit
,,no benefit
,,no benefit
,,no benefit
,,no benefit
,,no benefit
540368.0,102.0,benefit
,,no benefit
,,no benefit
,,no benefit
,,no benefit
,,no benefit
,,no benefit
,,no benefit
,,no benefit
,,no benefit
,,no benefit
,,no benefit
,,no benefit
,,no benefit
,,no benefit
,,no benefit
,,no benefit
,,no benefit
,,no benefit
,,no benefit
,,no benefit
,,no benefit
,,no benefit
,,no benefit
,,no benefit
,,no benefit
,,no benefit
,,no benefit
,,no benefit
,,no benefit
,,no benefit
,,no benefit
,,no benefit
,,no benefit
,,no benefit
,,no benefit
,,no benefit
536789.0,-188.0,no benefit
,,no benefit
,,no benefit
,,no benefit
514474.0,81.0,benefit
,,no benefit
,,no benefit
,,no benefit
,,no benefit
,,no benefit
541766.0,-581.0,no benefit
,,no benefit
,,no benefit
,,no benefit
,,no benefit
,,no benefit
511338.0,-63.0,no benefit
541317.0,-48.0,no benefit
,,no benefit
,,no benefit
,,no benefit
,,no benefit
,,no benefit
,,no benefit
,,no benefit
,,no benefit
,,no benefit
,,no benefit
545831.0,11.0,benefit
,,no benefit
,,no benefit
,,no benefit
,,no benefit
,,no benefit
,,no benefit
,,no benefit
544363.0,-81.0,no benefit
,,no benefit
,,no benefit
,,no benefit
,,no benefit
,,no benefit
,,no benefit
,,no benefit
,,no benefit
,,no benefit
,,no benefit
,,no benefit
,,no benefit
,,no benefit
,,no benefit
,,no benefit
528385.0,-11.0,no benefit
,,no benefit
,,no benefit
,,no benefit
,,no benefit
,,no benefit
,,no benefit
,,no benefit
,,no benefit
,,no benefit
,,no benefit
,,no benefit
,,no benefit
,,no benefit
,,no benefit
546332.0,31.0,benefit
,,no benefit
542526.0,0.0,no benefit
540131.0,25.0,benefit
,,no benefit
,,no benefit
,,no benefit
544389.0,23.0,benefit
,,no benefit
,,no benefit
,,no benefit
,,no benefit
528516.0,13.0,benefit
,,no benefit
,,no benefit
,,no benefit
,,no benefit
,,no benefit
,,no benefit
,,no benefit
,,no benefit
,,no benefit
,,no benefit
,,no benefit
,,no benefit
,,no benefit
535665.0,-51.0,no benefit
,,no benefit
,,no benefit
,,no benefit
,,no benefit
,,no benefit
,,no benefit
,,no benefit
,,no benefit
,,no benefit
,,no benefit
,,no benefit
537074.0,-1.0,no benefit
,,no benefit
,,no benefit
,,no benefit
,,no benefit
,,no benefit
,,no benefit
,,no benefit
,,no benefit
,,no benefit
,,no benefit
,,no benefit
,,no benefit
,,no benefit
549312.0,-264.0,no benefit
,,no benefit
,,no benefit
,,no benefit
,,no benefit
,,no benefit
,,no benefit
,,no benefit
,,no benefit
,,no benefit
,,no benefit
,,no benefit
542725.0,-52.0,no benefit
,,no benefit
,,no benefit
,,no benefit
,,no benefit
,,no benefit
,,no benefit
,,no benefit
,,no benefit
,,no benefit
,,no benefit
545465.0,-51.0,no benefit
,,no benefit
,,no benefit
,,no benefit
,,no benefit
,,no benefit
,,no benefit
,,no benefit
,,no benefit
,,no benefit
,,no benefit
,,no benefit
,,no benefit
,,no benefit
,,no benefit
,,no benefit
,,no benefit
,,no benefit
,,no benefit
,,no benefit
,,no benefit
,,no benefit
,,no benefit
,,no benefit
,,no benefit
,,no benefit
,,no benefit
,,no benefit
,,no benefit
,,no benefit
,,no benefit
,,no benefit
,,no benefit
,,no benefit
,,no benefit
,,no benefit
,,no benefit
,,no benefit
,,no benefit
,,no benefit
,,no benefit
539387.0,22.0,benefit
,,no benefit
,,no benefit
,,no benefit
,,no benefit
,,no benefit
,,no benefit
,,no benefit
,,no benefit
,,no benefit
,,no benefit
,,no benefit
,,no benefit
,,no benefit
,,no benefit
,,no benefit
,,no benefit
,,no benefit
,,no benefit
,,no benefit
561375.0,25.0,benefit
,,no benefit
,,no benefit
,,no benefit
,,no benefit
,,no benefit
,,no benefit
,,no benefit
,,no benefit
,,no benefit
,,no benefit
,,no benefit
,,no benefit
,,no benefit
,,no benefit
,,no benefit
,,no benefit
,,no benefit
,,no benefit
537148.0,37.0,benefit
,,no benefit
,,no benefit
539569.0,-4.0,no benefit
,,no benefit
,,no benefit
,,no benefit
,,no benefit
537187.0,109.0,benefit
,,no benefit
,,no benefit
,,no benefit
,,no benefit
536764.0,58.0,benefit
,,no benefit
,,no benefit
,,no benefit
,,no benefit
,,no benefit
,,no benefit
,,no benefit
,,no benefit
,,no benefit
,,no benefit
,,no benefit
,,no benefit
,,no benefit
,,no benefit
532790.0,-9.0,no benefit
,,no benefit
,,no benefit
,,no benefit
,,no benefit
,,no benefit
,,no benefit
,,no benefit
,,no benefit
,,no benefit
,,no benefit
,,no benefit
,,no benefit
537192.0,-253.0,no benefit
,,no benefit
,,no benefit
,,no benefit
,,no benefit
,,no benefit
,,no benefit
,,no benefit
,,no benefit
,,no benefit
,,no benefit
,,no benefit
,,no benefit
,,no benefit
,,no benefit
,,no benefit
,,no benefit
,,no benefit
,,no benefit
,,no benefit
,,no benefit
,,no benefit
,,no benefit
,,no benefit
,,no benefit
,,no benefit
,,no benefit
,,no benefit
,,no benefit
,,no benefit
,,no benefit
,,no benefit
,,no benefit
,,no benefit
,,no benefit
,,no benefit
,,no benefit
,,no benefit
,,no benefit
,,no benefit
,,no benefit
,,no benefit
,,no benefit
,,no benefit
,,no benefit
,,no benefit
,,no benefit
,,no benefit
,,no benefit
,,no benefit
,,no benefit
,,no benefit
,,no benefit
,,no benefit
,,no benefit
,,no benefit
,,no benefit
,,no benefit
,,no benefit
,,no benefit
,,no benefit
548646.0,201.0,benefit
,,no benefit
,,no benefit
542031.0,-32.0,no benefit
,,no benefit
,,no benefit
,,no benefit
,,no benefit
,,no benefit
,,no benefit
,,no benefit
,,no benefit
,,no benefit
,,no benefit
,,no benefit
,,no benefit
,,no benefit
,,no benefit
,,no benefit
,,no benefit
,,no benefit
,,no benefit
,,no benefit
,,no benefit
,,no benefit
,,no benefit
,,no benefit
,,no benefit
,,no benefit
,,no benefit
,,no benefit
,,no benefit
,,no benefit
,,no benefit
,,no benefit
556249.0,-24.0,no benefit
,,no benefit
,,no benefit
,,no benefit
,,no benefit
,,no benefit
,,no benefit
,,no benefit
,,no benefit
,,no benefit
,,no benefit
,,no benefit
,,no benefit
,,no benefit
,,no benefit
,,no benefit
,,no benefit
,,no benefit
,,no benefit
,,no benefit
,,no benefit
,,no benefit
,,no benefit
,,no benefit
,,no benefit
,,no benefit
,,no benefit
,,no benefit
,,no benefit
,,no benefit
,,no benefit
,,no benefit
,,no benefit
,,no benefit
,,no benefit
,,no benefit
,,no benefit
523594.0,-56.0,no benefit
,,no benefit
,,no benefit
,,no benefit
,,no benefit
,,no benefit
,,no benefit
,,no benefit
,,no benefit
,,no benefit
,,no benefit
,,no benefit
,,no benefit
,,no benefit
,,no benefit
,,no benefit
,,no benefit
,,no benefit
,,no benefit
,,no benefit
,,no benefit
,,no benefit
,,no benefit
,,no benefit
,,no benefit
,,no benefit
,,no benefit
,,no benefit
,,no benefit
,,no benefit
,,no benefit
,,no benefit
,,no benefit
,,no benefit
,,no benefit
537437.0,-168.0,no benefit
,,no benefit
,,no benefit
,,no benefit
,,no benefit
,,no benefit
,,no benefit
,,no benefit
513104.0,23.0,benefit
,,no benefit
,,no benefit
,,no benefit
,,no benefit
,,no benefit
,,no benefit
,,no benefit
548169.0,5.0,benefit
,,no benefit
,,no benefit
,,no benefit
,,no benefit
,,no benefit
,,no benefit
,,no benefit
,,no benefit
,,no benefit
,,no benefit
,,no benefit
547160.0,1.0,benefit
550060.0,123.0,benefit
,,no benefit
,,no benefit
545710.0,-7.0,no benefit
,,no benefit
,,no benefit
550757.0,-55.0,no benefit
,,no benefit
,,no benefit
,,no benefit
,,no benefit
,,no benefit
,,no benefit
,,no benefit
548361.0,-36.0,no benefit
,,no benefit
,,no benefit
,,no benefit
,,no benefit
,,no benefit
,,no benefit
,,no benefit
,,no benefit
562977.0,210.0,benefit
,,no benefit
,,no benefit
542509.0,30.0,benefit
,,no benefit
,,no benefit
,,no benefit
,,no benefit
,,no benefit
549771.0,-97.0,no benefit
,,no benefit
,,no benefit
,,no benefit
,,no benefit
,,no benefit
,,no benefit
,,no benefit
,,no benefit
,,no benefit
,,no benefit
,,no benefit
,,no benefit
,,no benefit
,,no benefit
,,no benefit
,,no benefit
,,no benefit
,,no benefit
,,no benefit
,,no benefit
,,no benefit
,,no benefit
,,no benefit
,,no benefit
,,no benefit
536453.0,-36.0,no benefit
,,no benefit
,,no benefit
,,no benefit
,,no benefit
,,no benefit
,,no benefit
,,no benefit
,,no benefit
,,no benefit
,,no benefit
,,no benefit
,,no benefit
,,no benefit
,,no benefit
,,no benefit
,,no benefit
,,no benefit
,,no benefit
,,no benefit
,,no benefit
,,no benefit
538736.0,52.0,benefit
,,no benefit
,,no benefit
,,no benefit
,,no benefit
,,no benefit
,,no benefit
,,no benefit
,,no benefit
,,no benefit
,,no benefit
,,no benefit
,,no benefit
,,no benefit
,,no benefit
,,no benefit
546352.0,91.0,benefit
,,no benefit
,,no benefit
,,no benefit
,,no benefit
,,no benefit
,,no benefit
,,no benefit
,,no benefit
,,no benefit
,,no benefit
,,no benefit
,,no benefit
,,no benefit
,,no benefit
,,no benefit
,,no benefit
,,no benefit
,,no benefit
,,no benefit
,,no benefit
,,no benefit
,,no benefit
,,no benefit
,,no benefit
,,no benefit
,,no benefit
,,no benefit
,,no benefit
,,no benefit
,,no benefit
,,no benefit
,,no benefit
,,no benefit
,,no benefit
,,no benefit
549479.0,60.0,benefit
,,no benefit
,,no benefit
,,no benefit
,,no benefit
,,no benefit
,,no benefit
,,no benefit
,,no benefit
,,no benefit
547247.0,2.0,benefit
554043.0,15.0,benefit
,,no benefit
,,no benefit
,,no benefit
,,no benefit
,,no benefit
,,no benefit
,,no benefit
,,no benefit
,,no benefit
,,no benefit
,,no benefit
,,no benefit
,,no benefit
,,no benefit
,,no benefit
,,no benefit
,,no benefit
,,no benefit
,,no benefit
,,no benefit
,,no benefit
,,no benefit
,,no benefit
,,no benefit
,,no benefit
,,no benefit
,,no benefit
,,no benefit
,,no benefit
,,no benefit
,,no benefit
,,no benefit
,,no benefit
,,no benefit
550671.0,105.0,benefit
,,no benefit
,,no benefit
,,no benefit
,,no benefit
531952.0,320.0,benefit
,,no benefit
,,no benefit
,,no benefit
,,no benefit
,,no benefit
,,no benefit
,,no benefit
,,no benefit
,,no benefit
,,no benefit
,,no benefit
,,no benefit
,,no benefit
,,no benefit
557743.0,45.0,benefit
,,no benefit
,,no benefit
,,no benefit
,,no benefit
,,no benefit
,,no benefit
,,no benefit
,,no benefit
,,no benefit
,,no benefit
,,no benefit
,,no benefit
,,no benefit
,,no benefit
,,no benefit
,,no benefit
,,no benefit
,,no benefit
,,no benefit
547672.0,7.0,benefit
,,no benefit
,,no benefit
,,no benefit
,,no benefit
,,no benefit
,,no benefit
,,no benefit
,,no benefit
,,no benefit
,,no benefit
,,no benefit
,,no benefit
,,no benefit
,,no benefit
,,no benefit
547550.0,-63.0,no benefit
,,no benefit
,,no benefit
,,no benefit
,,no benefit
,,no benefit
,,no benefit
,,no benefit
547650.0,410.0,benefit
,,no benefit
,,no benefit
,,no benefit
,,no benefit
,,no benefit
,,no benefit
,,no benefit
,,no benefit
,,no benefit
,,no benefit
,,no benefit
,,no benefit
,,no benefit
,,no benefit
,,no benefit
,,no benefit
,,no benefit
,,no benefit
,,no benefit
,,no benefit
,,no benefit
,,no benefit
,,no benefit
,,no benefit
,,no benefit
,,no benefit
,,no benefit
,,no benefit
,,no benefit
,,no benefit
,,no benefit
,,no benefit
,,no benefit
,,no benefit
,,no benefit
,,no benefit
,,no benefit
,,no benefit
,,no benefit
,,no benefit
,,no benefit
,,no benefit
551936.0,925.0,benefit
513740.0,83.0,benefit
,,no benefit
,,no benefit
,,no benefit
,,no benefit
,,no benefit
,,no benefit
,,no benefit
,,no benefit
,,no benefit
,,no benefit
,,no benefit
,,no benefit
,,no benefit
,,no benefit
,,no benefit
,,no benefit
,,no benefit
,,no benefit
,,no benefit
,,no benefit
,,no benefit
,,no benefit
558730.0,6.0,benefit
,,no benefit
,,no benefit
564541.0,102.0,benefit
,,no benefit
,,no benefit
554934.0,12.0,benefit
,,no benefit
,,no benefit
554944.0,37.0,benefit
,,no benefit
,,no benefit
,,no benefit
,,no benefit
541340.0,-79.0,no benefit
,,no benefit
549535.0,-68.0,no benefit
553008.0,64.0,benefit
,,no benefit
,,no benefit
,,no benefit
,,no benefit
,,no benefit
,,no benefit
,,no benefit
558583.0,3.0,benefit
,,no benefit
,,no benefit
,,no benefit
,,no benefit
,,no benefit
,,no benefit
,,no benefit
,,no benefit
,,no benefit
,,no benefit
,,no benefit
,,no benefit
,,no benefit
,,no benefit
,,no benefit
556215.0,77.0,benefit
,,no benefit
,,no benefit
,,no benefit
,,no benefit
,,no benefit
,,no benefit
,,no benefit
,,no benefit
,,no benefit
,,no benefit
,,no benefit
554348.0,-20.0,no benefit
,,no benefit
,,no benefit
,,no benefit
,,no benefit
,,no benefit
,,no benefit
,,no benefit
552392.0,46.0,benefit
,,no benefit
,,no benefit
561282.0,-40.0,no benefit
,,no benefit
558258.0,2.0,benefit
,,no benefit
,,no benefit
,,no benefit
,,no benefit
,,no benefit
,,no benefit
,,no benefit
,,no benefit
,,no benefit
,,no benefit
,,no benefit
,,no benefit
,,no benefit
,,no benefit
,,no benefit
,,no benefit
,,no benefit
,,no benefit
,,no benefit
,,no benefit
,,no benefit
,,no benefit
,,no benefit
,,no benefit
,,no benefit
,,no benefit
,,no benefit
,,no benefit
,,no benefit
,,no benefit
,,no benefit
,,no benefit
,,no benefit
,,no benefit
,,no benefit
,,no benefit
,,no benefit
,,no benefit
,,no benefit
,,no benefit
539450.0,194.0,benefit
,,no benefit
,,no benefit
,,no benefit
,,no benefit
,,no benefit
,,no benefit
,,no benefit
,,no benefit
,,no benefit
,,no benefit
,,no benefit
,,no benefit
,,no benefit
,,no benefit
,,no benefit
,,no benefit
,,no benefit
,,no benefit
,,no benefit
,,no benefit
,,no benefit
,,no benefit
,,no benefit
,,no benefit
,,no benefit
,,no benefit
,,no benefit
,,no benefit
,,no benefit
,,no benefit
,,no benefit
,,no benefit
550614.0,27.0,benefit
,,no benefit
,,no benefit
,,no benefit
,,no benefit
,,no benefit
,,no benefit
,,no benefit
,,no benefit
,,no benefit
,,no benefit
,,no benefit
,,no benefit
,,no benefit
,,no benefit
,,no benefit
,,no benefit
,,no benefit
,,no benefit
,,no benefit
,,no benefit
,,no benefit
,,no benefit
,,no benefit
,,no benefit
,,no benefit
,,no benefit
,,no benefit
,,no benefit
,,no benefit
,,no benefit
,,no benefit
,,no benefit
,,no benefit
,,no benefit
,,no benefit
,,no benefit
,,no benefit
,,no benefit
,,no benefit
,,no benefit
,,no benefit
,,no benefit
,,no benefit
,,no benefit
,,no benefit
,,no benefit
531229.0,-71.0,no benefit
,,no benefit
,,no benefit
,,no benefit
,,no benefit
,,no benefit
,,no benefit
,,no benefit
,,no benefit
,,no benefit
,,no benefit
,,no benefit
,,no benefit
541223.0,158.0,benefit
,,no benefit
,,no benefit
,,no benefit
,,no benefit
,,no benefit
,,no benefit
,,no benefit
,,no benefit
,,no benefit
,,no benefit
,,no benefit
,,no benefit
,,no benefit
,,no benefit
,,no benefit
537194.0,189.0,benefit
,,no benefit
,,no benefit
,,no benefit
,,no benefit
,,no benefit
,,no benefit
,,no benefit
,,no benefit
,,no benefit
543577.0,-13.0,no benefit
,,no benefit
,,no benefit
,,no benefit
,,no benefit
554117.0,-1084.0,no benefit
,,no benefit
,,no benefit
,,no benefit
,,no benefit
,,no benefit
,,no benefit
541286.0,31.0,benefit
,,no benefit
,,no benefit
,,no benefit
,,no benefit
,,no benefit
,,no benefit
,,no benefit
,,no benefit
,,no benefit
,,no benefit
,,no benefit
,,no benefit
,,no benefit
,,no benefit
,,no benefit
,,no benefit
521852.0,650.0,benefit
,,no benefit
,,no benefit
540896.0,-173.0,no benefit
,,no benefit
539021.0,-100.0,no benefit
,,no benefit
,,no benefit
,,no benefit
,,no benefit
,,no benefit
,,no benefit
,,no benefit
530202.0,21.0,benefit
,,no benefit
,,no benefit
,,no benefit
,,no benefit
,,no benefit
,,no benefit
,,no benefit
,,no benefit
,,no benefit
,,no benefit
,,no benefit
,,no benefit
,,no benefit
,,no benefit
,,no benefit
,,no benefit
,,no benefit
,,no benefit
,,no benefit
,,no benefit
,,no benefit
,,no benefit
,,no benefit
,,no benefit
,,no benefit
,,no benefit
,,no benefit
,,no benefit
549819.0,-425.0,no benefit
,,no benefit
,,no benefit
,,no benefit
,,no benefit
,,no benefit
,,no benefit
,,no benefit
,,no benefit
546578.0,-536.0,no benefit
,,no benefit
,,no benefit
,,no benefit
,,no benefit
546832.0,-8.0,no benefit
,,no benefit
,,no benefit
541445.0,-221.0,no benefit
543655.0,73.0,benefit
,,no benefit
,,no benefit
,,no benefit
,,no benefit
,,no benefit
,,no benefit
,,no benefit
,,no benefit
,,no benefit
,,no benefit
,,no benefit
,,no benefit
,,no benefit
,,no benefit
,,no benefit
,,no benefit
,,no benefit
,,no benefit
,,no benefit
,,no benefit
,,no benefit
,,no benefit
,,no benefit
,,no benefit
,,no benefit
,,no benefit
,,no benefit
556396.0,-22.0,no benefit
,,no benefit
,,no benefit
,,no benefit
,,no benefit
,,no benefit
,,no benefit
,,no benefit
539365.0,28.0,benefit
,,no benefit
,,no benefit
,,no benefit
,,no benefit
,,no benefit
,,no benefit
,,no benefit
,,no benefit
,,no benefit
,,no benefit
525106.0,-439.0,no benefit
,,no benefit
,,no benefit
,,no benefit
,,no benefit
,,no benefit
,,no benefit
,,no benefit
,,no benefit
,,no benefit
,,no benefit
,,no benefit
,,no benefit
,,no benefit
,,no benefit
,,no benefit
,,no benefit
,,no benefit
,,no benefit
,,no benefit
,,no benefit
,,no benefit
,,no benefit
,,no benefit
,,no benefit
,,no benefit
549518.0,-86.0,no benefit
,,no benefit
,,no benefit
,,no benefit
,,no benefit
,,no benefit
,,no benefit
,,no benefit
553306.0,18.0,benefit
,,no benefit
,,no benefit
,,no benefit
,,no benefit
,,no benefit
,,no benefit
,,no benefit
,,no benefit
546644.0,84.0,benefit
,,no benefit
,,no benefit
,,no benefit
,,no benefit
,,no benefit
565976.0,-166.0,no benefit
,,no benefit
,,no benefit
,,no benefit
,,no benefit
,,no benefit
,,no benefit
,,no benefit
566173.0,-933.0,no benefit
,,no benefit
,,no benefit
,,no benefit
,,no benefit
,,no benefit
,,no benefit
,,no benefit
,,no benefit
,,no benefit
,,no benefit
,,no benefit
,,no benefit
,,no benefit
,,no benefit
,,no benefit
,,no benefit
,,no benefit
,,no benefit
,,no benefit
,,no benefit
,,no benefit
,,no benefit
,,no benefit
,,no benefit
,,no benefit
,,no benefit
,,no benefit
,,no benefit
,,no benefit
,,no benefit
,,no benefit
,,no benefit
,,no benefit
,,no benefit
,,no benefit
,,no benefit
,,no benefit
,,no benefit
,,no benefit
,,no benefit
,,no benefit
,,no benefit
,,no benefit
,,no benefit
,,no benefit
,,no benefit
,,no benefit
,,no benefit
,,no benefit
,,no benefit
,,no benefit
553639.0,37.0,benefit
,,no benefit
,,no benefit
,,no benefit
,,no benefit
,,no benefit
,,no benefit
,,no benefit
,,no benefit
,,no benefit
,,no benefit
,,no benefit
,,no benefit
534999.0,346.0,benefit
,,no benefit
,,no benefit
,,no benefit
,,no benefit
,,no benefit
,,no benefit
,,no benefit
,,no benefit
,,no benefit
,,no benefit
,,no benefit
,,no benefit
,,no benefit
,,no benefit
,,no benefit
,,no benefit
,,no benefit
539220.0,1.0,benefit
,,no benefit
,,no benefit
535816.0,209.0,benefit
,,no benefit
,,no benefit
,,no benefit
,,no benefit
526536.0,-17.0,no benefit
,,no benefit
,,no benefit
,,no benefit
,,no benefit
,,no benefit
,,no benefit
,,no benefit
,,no benefit
,,no benefit
,,no benefit
,,no benefit
516961.0,-32.0,no benefit
,,no benefit
,,no benefit
,,no benefit
,,no benefit
,,no benefit
,,no benefit
,,no benefit
,,no benefit
,,no benefit
,,no benefit
,,no benefit
,,no benefit
,,no benefit
,,no benefit
,,no benefit
,,no benefit
,,no benefit
,,no benefit
,,no benefit
562771.0,35.0,benefit
,,no benefit
,,no benefit
,,no benefit
,,no benefit
539414.0,-286.0,no benefit
,,no benefit
,,no benefit
,,no benefit
,,no benefit
537861.0,38.0,benefit
565483.0,-115.0,no benefit
,,no benefit
547240.0,550.0,benefit
,,no benefit
,,no benefit
,,no benefit
,,no benefit
,,no benefit
,,no benefit
,,no benefit
,,no benefit
,,no benefit
553299.0,13.0,benefit
,,no benefit
,,no benefit
,,no benefit
,,no benefit
,,no benefit
,,no benefit
,,no benefit
,,no benefit
,,no benefit
,,no benefit
,,no benefit
,,no benefit
,,no benefit
555469.0,616.0,benefit
,,no benefit
,,no benefit
,,no benefit
,,no benefit
,,no benefit
,,no benefit
,,no benefit
,,no benefit
,,no benefit
,,no benefit
,,no benefit
526657.0,-181.0,no benefit
,,no benefit
,,no benefit
,,no benefit
,,no benefit
,,no benefit
,,no benefit
,,no benefit
,,no benefit
,,no benefit
,,no benefit
,,no benefit
,,no benefit
,,no benefit
,,no benefit
,,no benefit
,,no benefit
,,no benefit
,,no benefit
,,no benefit
,,no benefit
,,no benefit
,,no benefit
,,no benefit
,,no benefit
,,no benefit
,,no benefit
,,no benefit
,,no benefit
,,no benefit
,,no benefit
,,no benefit
,,no benefit
,,no benefit
,,no benefit
541215.0,47.0,benefit
,,no benefit
,,no benefit
,,no benefit
,,no benefit
,,no benefit
,,no benefit
,,no benefit
,,no benefit
,,no benefit
548852.0,-101.0,no benefit
,,no benefit
,,no benefit
,,no benefit
,,no benefit
,,no benefit
,,no benefit
,,no benefit
,,no benefit
,,no benefit
,,no benefit
,,no benefit
,,no benefit
,,no benefit
537243.0,242.0,benefit
,,no benefit
,,no benefit
,,no benefit
,,no benefit
,,no benefit
,,no benefit
565777.0,-2.0,no benefit
,,no benefit
,,no benefit
,,no benefit
,,no benefit
,,no benefit
,,no benefit
,,no benefit
,,no benefit
,,no benefit
,,no benefit
557945.0,-67.0,no benefit
,,no benefit
,,no benefit
,,no benefit
,,no benefit
,,no benefit
,,no benefit
,,no benefit
,,no benefit
,,no benefit
,,no benefit
,,no benefit
,,no benefit
,,no benefit
,,no benefit
,,no benefit
,,no benefit
,,no benefit
555340.0,-6.0,no benefit
,,no benefit
,,no benefit
,,no benefit
,,no benefit
,,no benefit
,,no benefit
559522.0,63.0,benefit
,,no benefit
,,no benefit
,,no benefit
,,no benefit
563977.0,23.0,benefit
,,no benefit
,,no benefit
,,no benefit
,,no benefit
,,no benefit
561286.0,10.0,benefit
,,no benefit
,,no benefit
,,no benefit
,,no benefit
,,no benefit
,,no benefit
,,no benefit
,,no benefit
,,no benefit
,,no benefit
,,no benefit
,,no benefit
,,no benefit
,,no benefit
566493.0,-32.0,no benefit
,,no benefit
,,no benefit
532695.0,0.0,no benefit
,,no benefit
,,no benefit
,,no benefit
,,no benefit
,,no benefit
,,no benefit
525150.0,49.0,benefit
,,no benefit
,,no benefit
,,no benefit
,,no benefit
,,no benefit
,,no benefit
,,no benefit
,,no benefit
,,no benefit
,,no benefit
,,no benefit
,,no benefit
,,no benefit
,,no benefit
,,no benefit
,,no benefit
549567.0,6.0,benefit
,,no benefit
,,no benefit
,,no benefit
,,no benefit
,,no benefit
,,no benefit
,,no benefit
,,no benefit
,,no benefit
,,no benefit
,,no benefit
,,no benefit
,,no benefit
,,no benefit
,,no benefit
,,no benefit
,,no benefit
,,no benefit
,,no benefit
,,no benefit
,,no benefit
,,no benefit
,,no benefit
,,no benefit
,,no benefit
524948.0,8.0,benefit
,,no benefit
,,no benefit
,,no benefit
,,no benefit
,,no benefit
,,no benefit
,,no benefit
,,no benefit
,,no benefit
,,no benefit
,,no benefit
,,no benefit
,,no benefit
,,no benefit
,,no benefit
,,no benefit
566561.0,-13.0,no benefit
,,no benefit
,,no benefit
,,no benefit
,,no benefit
,,no benefit
,,no benefit
,,no benefit
,,no benefit
,,no benefit
,,no benefit
,,no benefit
,,no benefit
,,no benefit
,,no benefit
,,no benefit
546382.0,-35.0,no benefit
,,no benefit
,,no benefit
,,no benefit
,,no benefit
,,no benefit
,,no benefit
,,no benefit
,,no benefit
,,no benefit
564788.0,-126.0,no benefit
,,no benefit
,,no benefit
,,no benefit
,,no benefit
,,no benefit
,,no benefit
,,no benefit
,,no benefit
,,no benefit
,,no benefit
,,no benefit
,,no benefit
,,no benefit
,,no benefit
,,no benefit
,,no benefit
,,no benefit
535618.0,-40.0,no benefit
,,no benefit
515851.0,-5.0,no benefit
,,no benefit
,,no benefit
540741.0,4.0,benefit
,,no benefit
,,no benefit
558030.0,-158.0,no benefit
,,no benefit
,,no benefit
,,no benefit
,,no benefit
,,no benefit
,,no benefit
,,no benefit
,,no benefit
,,no benefit
,,no benefit
,,no benefit
,,no benefit
,,no benefit
,,no benefit
,,no benefit
,,no benefit
,,no benefit
,,no benefit
,,no benefit
,,no benefit
572331.0,49.0,benefit
,,no benefit
,,no benefit
,,no benefit
,,no benefit
,,no benefit
,,no benefit
,,no benefit
,,no benefit
,,no benefit
,,no benefit
,,no benefit
,,no benefit
,,no benefit
,,no benefit
,,no benefit
,,no benefit
,,no benefit
,,no benefit
,,no benefit
,,no benefit
,,no benefit
,,no benefit
,,no benefit
,,no benefit
,,no benefit
,,no benefit
,,no benefit
,,no benefit
,,no benefit
,,no benefit
,,no benefit
,,no benefit
,,no benefit
,,no benefit
,,no benefit
,,no benefit
,,no benefit
518353.0,17.0,benefit
,,no benefit
,,no benefit
,,no benefit
,,no benefit
,,no benefit
,,no benefit
,,no benefit
,,no benefit
,,no benefit
,,no benefit
,,no benefit
,,no benefit
,,no benefit
,,no benefit
,,no benefit
,,no benefit
,,no benefit
,,no benefit
,,no benefit
,,no benefit
,,no benefit
,,no benefit
,,no benefit
,,no benefit
542671.0,6.0,benefit
,,no benefit
,,no benefit
,,no benefit
,,no benefit
,,no benefit
,,no benefit
,,no benefit
,,no benefit
,,no benefit
,,no benefit
,,no benefit
,,no benefit
,,no benefit
,,no benefit
,,no benefit
519407.0,-1061.0,no benefit
,,no benefit
,,no benefit
,,no benefit
,,no benefit
,,no benefit
,,no benefit
,,no benefit
539109.0,58.0,benefit
,,no benefit
,,no benefit
538830.0,34.0,benefit
,,no benefit
,,no benefit
,,no benefit
,,no benefit
,,no benefit
,,no benefit
,,no benefit
,,no benefit
,,no benefit
,,no benefit
549011.0,-47.0,no benefit
,,no benefit
,,no benefit
,,no benefit
,,no benefit
,,no benefit
,,no benefit
,,no benefit
,,no benefit
,,no benefit
,,no benefit
,,no benefit
,,no benefit
538529.0,86.0,benefit
,,no benefit
,,no benefit
,,no benefit
,,no benefit
,,no benefit
,,no benefit
546489.0,-533.0,no benefit
,,no benefit
,,no benefit
,,no benefit
,,no benefit
,,no benefit
540105.0,8.0,benefit
,,no benefit
,,no benefit
,,no benefit
,,no benefit
,,no benefit
,,no benefit
,,no benefit
,,no benefit
,,no benefit
562173.0,73.0,benefit
,,no benefit
,,no benefit
,,no benefit
,,no benefit
553682.0,37.0,benefit
,,no benefit
,,no benefit
,,no benefit
,,no benefit
,,no benefit
,,no benefit
,,no benefit
,,no benefit
,,no benefit
,,no benefit
,,no benefit
,,no benefit
,,no benefit
,,no benefit
,,no benefit
,,no benefit
,,no benefit
,,no benefit
,,no benefit
,,no benefit
,,no benefit
,,no benefit
,,no benefit
,,no benefit
,,no benefit
,,no benefit
,,no benefit
,,no benefit
533380.0,-167.0,no benefit
,,no benefit
,,no benefit
,,no benefit
,,no benefit
,,no benefit
,,no benefit
,,no benefit
,,no benefit
,,no benefit
535914.0,44.0,benefit
540735.0,-14.0,no benefit
,,no benefit
,,no benefit
,,no benefit
,,no benefit
539424.0,-117.0,no benefit
,,no benefit
,,no benefit
,,no benefit
,,no benefit
,,no benefit
,,no benefit
,,no benefit
,,no benefit
,,no benefit
,,no benefit
,,no benefit
,,no benefit
,,no benefit
,,no benefit
,,no benefit
,,no benefit
543823.0,612.0,benefit
,,no benefit
,,no benefit
,,no benefit
,,no benefit
545032.0,-549.0,no benefit
,,no benefit
,,no benefit
,,no benefit
,,no benefit
,,no benefit
,,no benefit
,,no benefit
563834.0,-2.0,no benefit
,,no benefit
,,no benefit
,,no benefit
,,no benefit
,,no benefit
,,no benefit
,,no benefit
,,no benefit
537219.0,-185.0,no benefit
,,no benefit
,,no benefit
,,no benefit
,,no benefit
,,no benefit
,,no benefit
,,no benefit
,,no benefit
,,no benefit
,,no benefit
,,no benefit
,,no benefit
,,no benefit
,,no benefit
565263.0,-119.0,no benefit
,,no benefit
,,no benefit
,,no benefit
,,no benefit
,,no benefit
,,no benefit
,,no benefit
558162.0,-105.0,no benefit
,,no benefit
,,no benefit
,,no benefit
,,no benefit
,,no benefit
,,no benefit
,,no benefit
,,no benefit
,,no benefit
,,no benefit
,,no benefit
,,no benefit
,,no benefit
,,no benefit
,,no benefit
,,no benefit
547147.0,-240.0,no benefit
,,no benefit
,,no benefit
,,no benefit
,,no benefit
,,no benefit
,,no benefit
,,no benefit
,,no benefit
,,no benefit
,,no benefit
,,no benefit
,,no benefit
,,no benefit
,,no benefit
,,no benefit
547522.0,-1172.0,no benefit
,,no benefit
,,no benefit
,,no benefit
,,no benefit
,,no benefit
,,no benefit
,,no benefit
,,no benefit
,,no benefit
,,no benefit
559063.0,63.0,benefit
,,no benefit
,,no benefit
,,no benefit
,,no benefit
,,no benefit
,,no benefit
,,no benefit
,,no benefit
559510.0,-35.0,no benefit
508535.0,102.0,benefit
,,no benefit
,,no benefit
,,no benefit
,,no benefit
,,no benefit
,,no benefit
,,no benefit
,,no benefit
,,no benefit
,,no benefit
564275.0,-235.0,no benefit
,,no benefit
,,no benefit
,,no benefit
,,no benefit
,,no benefit
,,no benefit
,,no benefit
563562.0,21.0,benefit
,,no benefit
,,no benefit
558223.0,251.0,benefit
545720.0,8.0,benefit
,,no benefit
,,no benefit
,,no benefit
,,no benefit
,,no benefit
573294.0,9.0,benefit
,,no benefit
,,no benefit
,,no benefit
,,no benefit
,,no benefit
,,no benefit
,,no benefit
,,no benefit
,,no benefit
,,no benefit
571139.0,-90.0,no benefit
,,no benefit
571634.0,12.0,benefit
547901.0,1.0,benefit
,,no benefit
,,no benefit
,,no benefit
,,no benefit
,,no benefit
549345.0,22.0,benefit
,,no benefit
,,no benefit
,,no benefit
,,no benefit
,,no benefit
,,no benefit
,,no benefit
,,no benefit
,,no benefit
,,no benefit
,,no benefit
,,no benefit
,,no benefit
,,no benefit
,,no benefit
517435.0,-113.0,no benefit
,,no benefit
,,no benefit
,,no benefit
,,no benefit
555541.0,19.0,benefit
,,no benefit
,,no benefit
,,no benefit
,,no benefit
,,no benefit
,,no benefit
,,no benefit
,,no benefit
,,no benefit
,,no benefit
,,no benefit
,,no benefit
,,no benefit
,,no benefit
538761.0,98.0,benefit
,,no benefit
,,no benefit
,,no benefit
,,no benefit
,,no benefit
,,no benefit
,,no benefit
,,no benefit
,,no benefit
,,no benefit
,,no benefit
,,no benefit
,,no benefit
,,no benefit
,,no benefit
,,no benefit
,,no benefit
,,no benefit
,,no benefit
,,no benefit
,,no benefit
,,no benefit
,,no benefit
,,no benefit
,,no benefit
539720.0,-534.0,no benefit
,,no benefit
,,no benefit
,,no benefit
,,no benefit
,,no benefit
,,no benefit
,,no benefit
,,no benefit
,,no benefit
,,no benefit
,,no benefit
561928.0,154.0,benefit
,,no benefit
,,no benefit
,,no benefit
,,no benefit
,,no benefit
,,no benefit
,,no benefit
,,no benefit
541486.0,12.0,benefit
,,no benefit
,,no benefit
,,no benefit
,,no benefit
546459.0,12968.0,benefit
,,no benefit
,,no benefit
,,no benefit
,,no benefit
558387.0,81.0,benefit
,,no benefit
,,no benefit
,,no benefit
,,no benefit
,,no benefit
,,no benefit
545839.0,28.0,benefit
,,no benefit
,,no benefit
,,no benefit
,,no benefit
,,no benefit
549855.0,24.0,benefit
,,no benefit
,,no benefit
,,no benefit
,,no benefit
,,no benefit
,,no benefit
,,no benefit
,,no benefit
,,no benefit
,,no benefit
,,no benefit
,,no benefit
,,no benefit
,,no benefit
547495.0,393.0,benefit
,,no benefit
547476.0,2.0,benefit
,,no benefit
,,no benefit
,,no benefit
,,no benefit
,,no benefit
,,no benefit
,,no benefit
550317.0,11.0,benefit
,,no benefit
,,no benefit
,,no benefit
,,no benefit
,,no benefit
,,no benefit
,,no benefit
,,no benefit
,,no benefit
,,no benefit
,,no benefit
,,no benefit
536892.0,17.0,benefit
566229.0,242.0,benefit
,,no benefit
560542.0,4.0,benefit
,,no benefit
,,no benefit
,,no benefit
,,no benefit
,,no benefit
567186.0,2.0,benefit
,,no benefit
,,no benefit
,,no benefit
,,no benefit
,,no benefit
,,no benefit
,,no benefit
,,no benefit
,,no benefit
,,no benefit
,,no benefit
,,no benefit
,,no benefit
,,no benefit
,,no benefit
,,no benefit
,,no benefit
568399.0,-57.0,no benefit
,,no benefit
,,no benefit
,,no benefit
,,no benefit
,,no benefit
,,no benefit
,,no benefit
,,no benefit
,,no benefit
,,no benefit
,,no benefit
,,no benefit
,,no benefit
,,no benefit
,,no benefit
559685.0,-217.0,no benefit
,,no benefit
,,no benefit
,,no benefit
,,no benefit
,,no benefit
561253.0,83.0,benefit
,,no benefit
,,no benefit
564144.0,210.0,benefit
567789.0,-130.0,no benefit
560404.0,-66.0,no benefit
,,no benefit
,,no benefit
,,no benefit
,,no benefit
,,no benefit
,,no benefit
,,no benefit
,,no benefit
,,no benefit
,,no benefit
565569.0,-110.0,no benefit
,,no benefit
562077.0,100.0,benefit
,,no benefit
,,no benefit
,,no benefit
,,no benefit
,,no benefit
,,no benefit
,,no benefit
,,no benefit
,,no benefit
,,no benefit
,,no benefit
,,no benefit
,,no benefit
,,no benefit
,,no benefit
,,no benefit
,,no benefit
,,no benefit
,,no benefit
,,no benefit
,,no benefit
,,no benefit
,,no benefit
,,no benefit
,,no benefit
,,no benefit
,,no benefit
550409.0,26.0,benefit
,,no benefit
,,no benefit
,,no benefit
,,no benefit
,,no benefit
,,no benefit
,,no benefit
,,no benefit
,,no benefit
,,no benefit
,,no benefit
542805.0,77.0,benefit
,,no benefit
,,no benefit
,,no benefit
,,no benefit
,,no benefit
,,no benefit
,,no benefit
,,no benefit
,,no benefit
,,no benefit
,,no benefit
,,no benefit
,,no benefit
,,no benefit
,,no benefit
,,no benefit
,,no benefit
,,no benefit
,,no benefit
,,no benefit
,,no benefit
,,no benefit
,,no benefit
,,no benefit
,,no benefit
,,no benefit
,,no benefit
,,no benefit
,,no benefit
,,no benefit
,,no benefit
,,no benefit
,,no benefit
,,no benefit
,,no benefit
,,no benefit
,,no benefit
,,no benefit
,,no benefit
,,no benefit
,,no benefit
,,no benefit
,,no benefit
,,no benefit
540525.0,-11.0,no benefit
,,no benefit
,,no benefit
,,no benefit
,,no benefit
,,no benefit
533472.0,108.0,benefit
,,no benefit
,,no benefit
,,no benefit
,,no benefit
,,no benefit
,,no benefit
,,no benefit
,,no benefit
,,no benefit
,,no benefit
,,no benefit
,,no benefit
,,no benefit
,,no benefit
,,no benefit
537243.0,242.0,benefit
,,no benefit
,,no benefit
,,no benefit
,,no benefit
,,no benefit
,,no benefit
,,no benefit
,,no benefit
,,no benefit
,,no benefit
,,no benefit
,,no benefit
,,no benefit
,,no benefit
,,no benefit
,,no benefit
,,no benefit
,,no benefit
,,no benefit
,,no benefit
,,no benefit
,,no benefit
,,no benefit
,,no benefit
,,no benefit
,,no benefit
,,no benefit
,,no benefit
,,no benefit
,,no benefit
,,no benefit
538270.0,-43.0,no benefit
,,no benefit
,,no benefit
,,no benefit
,,no benefit
,,no benefit
,,no benefit
,,no benefit
,,no benefit
,,no benefit
,,no benefit
,,no benefit
,,no benefit
,,no benefit
,,no benefit
,,no benefit
,,no benefit
,,no benefit
552933.0,-145.0,no benefit
,,no benefit
,,no benefit
,,no benefit
,,no benefit
,,no benefit
,,no benefit
,,no benefit
,,no benefit
,,no benefit
,,no benefit
,,no benefit
531476.0,-5.0,no benefit
,,no benefit
,,no benefit
,,no benefit
569301.0,62.0,benefit
,,no benefit
,,no benefit
,,no benefit
554170.0,-125.0,no benefit
572236.0,-88.0,no benefit
,,no benefit
,,no benefit
,,no benefit
,,no benefit
,,no benefit
,,no benefit
,,no benefit
,,no benefit
,,no benefit
,,no benefit
,,no benefit
,,no benefit
,,no benefit
,,no benefit
,,no benefit
,,no benefit
,,no benefit
,,no benefit
,,no benefit
,,no benefit
,,no benefit
,,no benefit
,,no benefit
,,no benefit
,,no benefit
,,no benefit
,,no benefit
,,no benefit
,,no benefit
,,no benefit
,,no benefit
,,no benefit
537023.0,78.0,benefit
,,no benefit
,,no benefit
,,no benefit
,,no benefit
,,no benefit
,,no benefit
,,no benefit
,,no benefit
,,no benefit
,,no benefit
,,no benefit
,,no benefit
,,no benefit
,,no benefit
,,no benefit
,,no benefit
,,no benefit
,,no benefit
,,no benefit
,,no benefit
541533.0,-150.0,no benefit
,,no benefit
,,no benefit
,,no benefit
,,no benefit
,,no benefit
,,no benefit
,,no benefit
,,no benefit
,,no benefit
,,no benefit
,,no benefit
,,no benefit
,,no benefit
,,no benefit
,,no benefit
512562.0,104.0,benefit
,,no benefit
,,no benefit
,,no benefit
,,no benefit
,,no benefit
,,no benefit
,,no benefit
,,no benefit
,,no benefit
,,no benefit
,,no benefit
524146.0,155.0,benefit
,,no benefit
,,no benefit
,,no benefit
,,no benefit
,,no benefit
,,no benefit
,,no benefit
,,no benefit
,,no benefit
,,no benefit
,,no benefit
,,no benefit
,,no benefit
,,no benefit
,,no benefit
,,no benefit
,,no benefit
,,no benefit
,,no benefit
,,no benefit
,,no benefit
,,no benefit
,,no benefit
,,no benefit
,,no benefit
,,no benefit
,,no benefit
,,no benefit
,,no benefit
,,no benefit
,,no benefit
,,no benefit
,,no benefit
,,no benefit
,,no benefit
541969.0,43.0,benefit
,,no benefit
,,no benefit
,,no benefit
,,no benefit
,,no benefit
527270.0,3.0,benefit
,,no benefit
,,no benefit
,,no benefit
,,no benefit
,,no benefit
,,no benefit
,,no benefit
,,no benefit
,,no benefit
543513.0,-82.0,no benefit
,,no benefit
,,no benefit
,,no benefit
,,no benefit
,,no benefit
,,no benefit
,,no benefit
,,no benefit
,,no benefit
,,no benefit
,,no benefit
,,no benefit
,,no benefit
,,no benefit
,,no benefit
542107.0,-16.0,no benefit
,,no benefit
,,no benefit
,,no benefit
,,no benefit
,,no benefit
,,no benefit
,,no benefit
,,no benefit
,,no benefit
,,no benefit
,,no benefit
,,no benefit
,,no benefit
563869.0,-43.0,no benefit
544861.0,17.0,benefit
,,no benefit
,,no benefit
,,no benefit
,,no benefit
,,no benefit
,,no benefit
,,no benefit
,,no benefit
,,no benefit
,,no benefit
,,no benefit
,,no benefit
,,no benefit
,,no benefit
,,no benefit
,,no benefit
,,no benefit
564793.0,54.0,benefit
,,no benefit
,,no benefit
,,no benefit
,,no benefit
,,no benefit
,,no benefit
,,no benefit
,,no benefit
,,no benefit
,,no benefit
,,no benefit
,,no benefit
,,no benefit
,,no benefit
,,no benefit
,,no benefit
,,no benefit
,,no benefit
,,no benefit
,,no benefit
,,no benefit
,,no benefit
,,no benefit
,,no benefit
560505.0,6.0,benefit
,,no benefit
,,no benefit
,,no benefit
,,no benefit
,,no benefit
557072.0,13.0,benefit
,,no benefit
,,no benefit
,,no benefit
,,no benefit
,,no benefit
,,no benefit
,,no benefit
,,no benefit
,,no benefit
,,no benefit
,,no benefit
,,no benefit
564585.0,17.0,benefit
,,no benefit
,,no benefit
,,no benefit
,,no benefit
,,no benefit
,,no benefit
,,no benefit
,,no benefit
,,no benefit
,,no benefit
,,no benefit
,,no benefit
,,no benefit
,,no benefit
,,no benefit
,,no benefit
,,no benefit
,,no benefit
,,no benefit
,,no benefit
,,no benefit
,,no benefit
,,no benefit
,,no benefit
,,no benefit
,,no benefit
,,no benefit
,,no benefit
,,no benefit
,,no benefit
,,no benefit
,,no benefit
,,no benefit
,,no benefit
,,no benefit
,,no benefit
,,no benefit
,,no benefit
,,no benefit
565171.0,-15.0,no benefit
,,no benefit
,,no benefit
,,no benefit
,,no benefit
,,no benefit
,,no benefit
,,no benefit
,,no benefit
,,no benefit
,,no benefit
530261.0,28.0,benefit
,,no benefit
,,no benefit
,,no benefit
535020.0,28.0,benefit
,,no benefit
,,no benefit
,,no benefit
,,no benefit
,,no benefit
,,no benefit
,,no benefit
,,no benefit
,,no benefit
,,no benefit
,,no benefit
,,no benefit
,,no benefit
,,no benefit
,,no benefit
538207.0,-128.0,no benefit
,,no benefit
,,no benefit
,,no benefit
,,no benefit
,,no benefit
,,no benefit
,,no benefit
,,no benefit
,,no benefit
,,no benefit
,,no benefit
,,no benefit
,,no benefit
,,no benefit
539236.0,-261.0,no benefit
,,no benefit
,,no benefit
,,no benefit
,,no benefit
,,no benefit
,,no benefit
534025.0,-2.0,no benefit
,,no benefit
,,no benefit
,,no benefit
,,no benefit
,,no benefit
,,no benefit
,,no benefit
,,no benefit
,,no benefit
,,no benefit
,,no benefit
,,no benefit
,,no benefit
,,no benefit
,,no benefit
,,no benefit
,,no benefit
537406.0,-18.0,no benefit
508109.0,-151.0,no benefit
,,no benefit
,,no benefit
541395.0,61.0,benefit
,,no benefit
,,no benefit
,,no benefit
542150.0,12.0,benefit
,,no benefit
,,no benefit
538768.0,271.0,benefit
,,no benefit
,,no benefit
,,no benefit
,,no benefit
,,no benefit
,,no benefit
,,no benefit
,,no benefit
,,no benefit
,,no benefit
,,no benefit
,,no benefit
541239.0,33.0,benefit
,,no benefit
,,no benefit
,,no benefit
,,no benefit
,,no benefit
547804.0,-958.0,no benefit
,,no benefit
,,no benefit
,,no benefit
,,no benefit
553290.0,-23.0,no benefit
,,no benefit
,,no benefit
,,no benefit
,,no benefit
,,no benefit
,,no benefit
,,no benefit
532724.0,16.0,benefit
,,no benefit
,,no benefit
,,no benefit
,,no benefit
,,no benefit
,,no benefit
,,no benefit
,,no benefit
,,no benefit
543394.0,-12.0,no benefit
,,no benefit
,,no benefit
,,no benefit
,,no benefit
,,no benefit
,,no benefit
,,no benefit
546199.0,-66.0,no benefit
569802.0,92.0,benefit
,,no benefit
,,no benefit
,,no benefit
,,no benefit
,,no benefit
551866.0,153.0,benefit
,,no benefit
545629.0,81.0,benefit
,,no benefit
,,no benefit
539330.0,20.0,benefit
,,no benefit
,,no benefit
,,no benefit
,,no benefit
,,no benefit
,,no benefit
,,no benefit
,,no benefit
,,no benefit
,,no benefit
,,no benefit
,,no benefit
,,no benefit
,,no benefit
,,no benefit
,,no benefit
,,no benefit
,,no benefit
,,no benefit
,,no benefit
541126.0,72.0,benefit
,,no benefit
,,no benefit
,,no benefit
,,no benefit
,,no benefit
,,no benefit
,,no benefit
530729.0,-4.0,no benefit
,,no benefit
,,no benefit
,,no benefit
,,no benefit
,,no benefit
,,no benefit
,,no benefit
,,no benefit
,,no benefit
,,no benefit
,,no benefit
549044.0,41.0,benefit
,,no benefit
,,no benefit
,,no benefit
,,no benefit
,,no benefit
542811.0,-32.0,no benefit
508605.0,-43.0,no benefit
,,no benefit
,,no benefit
545467.0,50.0,benefit
,,no benefit
,,no benefit
,,no benefit
,,no benefit
,,no benefit
,,no benefit
,,no benefit
,,no benefit
529556.0,-580.0,no benefit
,,no benefit
,,no benefit
,,no benefit
,,no benefit
,,no benefit
,,no benefit
,,no benefit
,,no benefit
,,no benefit
,,no benefit
,,no benefit
,,no benefit
,,no benefit
,,no benefit
544799.0,-59.0,no benefit
,,no benefit
,,no benefit
,,no benefit
,,no benefit
,,no benefit
,,no benefit
,,no benefit
,,no benefit
,,no benefit
,,no benefit
,,no benefit
,,no benefit
,,no benefit
,,no benefit
,,no benefit
,,no benefit
,,no benefit
,,no benefit
,,no benefit
,,no benefit
,,no benefit
,,no benefit
,,no benefit
,,no benefit
,,no benefit
,,no benefit
,,no benefit
,,no benefit
,,no benefit
,,no benefit
,,no benefit
,,no benefit
538874.0,2.0,benefit
,,no benefit
,,no benefit
,,no benefit
,,no benefit
,,no benefit
538218.0,273.0,benefit
,,no benefit
,,no benefit
,,no benefit
,,no benefit
,,no benefit
,,no benefit
,,no benefit
532043.0,101.0,benefit
544957.0,13.0,benefit
,,no benefit
,,no benefit
,,no benefit
517688.0,-245.0,no benefit
,,no benefit
,,no benefit
,,no benefit
,,no benefit
,,no benefit
,,no benefit
,,no benefit
,,no benefit
,,no benefit
549516.0,-96.0,no benefit
,,no benefit
,,no benefit
,,no benefit
,,no benefit
,,no benefit
,,no benefit
,,no benefit
,,no benefit
,,no benefit
,,no benefit
,,no benefit
,,no benefit
,,no benefit
,,no benefit
,,no benefit
,,no benefit
,,no benefit
,,no benefit
,,no benefit
,,no benefit
,,no benefit
,,no benefit
,,no benefit
,,no benefit
,,no benefit
,,no benefit
532798.0,45.0,benefit
,,no benefit
,,no benefit
,,no benefit
,,no benefit
,,no benefit
,,no benefit
,,no benefit
,,no benefit
,,no benefit
,,no benefit
,,no benefit
,,no benefit
552053.0,11.0,benefit
,,no benefit
,,no benefit
,,no benefit
,,no benefit
,,no benefit
,,no benefit
,,no benefit
,,no benefit
,,no benefit
,,no benefit
,,no benefit
,,no benefit
,,no benefit
,,no benefit
,,no benefit
,,no benefit
,,no benefit
,,no benefit
,,no benefit
,,no benefit
555186.0,-301.0,no benefit
,,no benefit
,,no benefit
,,no benefit
,,no benefit
,,no benefit
,,no benefit
558129.0,-185.0,no benefit
,,no benefit
,,no benefit
,,no benefit
,,no benefit
,,no benefit
,,no benefit
,,no benefit
,,no benefit
,,no benefit
,,no benefit
,,no benefit
,,no benefit
,,no benefit
,,no benefit
538397.0,-301.0,no benefit
,,no benefit
548306.0,27.0,benefit
,,no benefit
,,no benefit
,,no benefit
,,no benefit
545822.0,26.0,benefit
,,no benefit
569185.0,-85.0,no benefit
,,no benefit
,,no benefit
,,no benefit
,,no benefit
,,no benefit
,,no benefit
,,no benefit
,,no benefit
,,no benefit
,,no benefit
,,no benefit
,,no benefit
,,no benefit
,,no benefit
,,no benefit
,,no benefit
549555.0,-154.0,no benefit
,,no benefit
,,no benefit
542260.0,45.0,benefit
,,no benefit
,,no benefit
,,no benefit
,,no benefit
,,no benefit
,,no benefit
,,no benefit
,,no benefit
,,no benefit
,,no benefit
,,no benefit
,,no benefit
,,no benefit
,,no benefit
,,no benefit
,,no benefit
,,no benefit
,,no benefit
,,no benefit
,,no benefit
,,no benefit
,,no benefit
,,no benefit
545963.0,-33.0,no benefit
,,no benefit
,,no benefit
,,no benefit
,,no benefit
,,no benefit
,,no benefit
,,no benefit
,,no benefit
,,no benefit
,,no benefit
545268.0,23.0,benefit
,,no benefit
,,no benefit
,,no benefit
,,no benefit
,,no benefit
,,no benefit
,,no benefit
,,no benefit
,,no benefit
,,no benefit
,,no benefit
,,no benefit
,,no benefit
,,no benefit
,,no benefit
,,no benefit
,,no benefit
,,no benefit
,,no benefit
,,no benefit
,,no benefit
538747.0,-9.0,no benefit
548279.0,-692.0,no benefit
,,no benefit
,,no benefit
,,no benefit
,,no benefit
544074.0,-46.0,no benefit
,,no benefit
523527.0,-66.0,no benefit
,,no benefit
,,no benefit
,,no benefit
,,no benefit
,,no benefit
,,no benefit
,,no benefit
,,no benefit
,,no benefit
,,no benefit
,,no benefit
,,no benefit
,,no benefit
,,no benefit
,,no benefit
,,no benefit
,,no benefit
,,no benefit
,,no benefit
,,no benefit
,,no benefit
,,no benefit
520615.0,-22.0,no benefit
,,no benefit
,,no benefit
,,no benefit
,,no benefit
,,no benefit
,,no benefit
,,no benefit
,,no benefit
,,no benefit
,,no benefit
,,no benefit
,,no benefit
,,no benefit
,,no benefit
,,no benefit
,,no benefit
,,no benefit
,,no benefit
,,no benefit
,,no benefit
,,no benefit
545126.0,-46.0,no benefit
,,no benefit
553206.0,18.0,benefit
,,no benefit
,,no benefit
,,no benefit
,,no benefit
,,no benefit
,,no benefit
,,no benefit
,,no benefit
,,no benefit
,,no benefit
,,no benefit
,,no benefit
,,no benefit
,,no benefit
,,no benefit
,,no benefit
,,no benefit
,,no benefit
,,no benefit
,,no benefit
,,no benefit
,,no benefit
,,no benefit
,,no benefit
,,no benefit
553278.0,-32.0,no benefit
,,no benefit
,,no benefit
,,no benefit
,,no benefit
,,no benefit
546468.0,-40.0,no benefit
,,no benefit
,,no benefit
,,no benefit
,,no benefit
,,no benefit
,,no benefit
,,no benefit
,,no benefit
,,no benefit
,,no benefit
,,no benefit
,,no benefit
,,no benefit
,,no benefit
,,no benefit
,,no benefit
,,no benefit
,,no benefit
,,no benefit
539640.0,-12.0,no benefit
,,no benefit
,,no benefit
538423.0,-1.0,no benefit
,,no benefit
,,no benefit
,,no benefit
,,no benefit
,,no benefit
,,no benefit
,,no benefit
,,no benefit
,,no benefit
,,no benefit
,,no benefit
,,no benefit
,,no benefit
,,no benefit
,,no benefit
,,no benefit
,,no benefit
,,no benefit
,,no benefit
,,no benefit
567818.0,-986.0,no benefit
,,no benefit
,,no benefit
,,no benefit
,,no benefit
,,no benefit
,,no benefit
,,no benefit
,,no benefit
,,no benefit
553933.0,-341.0,no benefit
,,no benefit
,,no benefit
,,no benefit
,,no benefit
,,no benefit
512682.0,-125.0,no benefit
551523.0,-20.0,no benefit
,,no benefit
,,no benefit
,,no benefit
,,no benefit
,,no benefit
,,no benefit
,,no benefit
,,no benefit
,,no benefit
,,no benefit
,,no benefit
,,no benefit
,,no benefit
,,no benefit
,,no benefit
,,no benefit
,,no benefit
,,no benefit
,,no benefit
,,no benefit
,,no benefit
,,no benefit
,,no benefit
,,no benefit
,,no benefit
,,no benefit
,,no benefit
,,no benefit
550088.0,142.0,benefit
,,no benefit
,,no benefit
,,no benefit
,,no benefit
550984.0,-10.0,no benefit
,,no benefit
,,no benefit
,,no benefit
,,no benefit
,,no benefit
,,no benefit
,,no benefit
,,no benefit
,,no benefit
549854.0,-46.0,no benefit
,,no benefit
,,no benefit
,,no benefit
,,no benefit
548460.0,30.0,benefit
,,no benefit
,,no benefit
,,no benefit
555318.0,29.0,benefit
,,no benefit
,,no benefit
,,no benefit
,,no benefit
,,no benefit
514557.0,-1.0,no benefit
,,no benefit
519547.0,73.0,benefit
,,no benefit
551892.0,-96.0,no benefit
,,no benefit
,,no benefit
,,no benefit
549549.0,-153.0,no benefit
,,no benefit
,,no benefit
,,no benefit
,,no benefit
,,no benefit
,,no benefit
,,no benefit
,,no benefit
562021.0,-2.0,no benefit
,,no benefit
,,no benefit
,,no benefit
,,no benefit
,,no benefit
,,no benefit
,,no benefit
554035.0,0.0,no benefit
,,no benefit
556500.0,15.0,benefit
559412.0,-28.0,no benefit
,,no benefit
,,no benefit
,,no benefit
,,no benefit
552745.0,-82.0,no benefit
,,no benefit
,,no benefit
,,no benefit
,,no benefit
,,no benefit
,,no benefit
,,no benefit
,,no benefit
,,no benefit
,,no benefit
,,no benefit
,,no benefit
,,no benefit
,,no benefit
,,no benefit
,,no benefit
,,no benefit
,,no benefit
,,no benefit
,,no benefit
,,no benefit
,,no benefit
,,no benefit
,,no benefit
,,no benefit
,,no benefit
,,no benefit
,,no benefit
,,no benefit
,,no benefit
,,no benefit
,,no benefit
,,no benefit
,,no benefit
,,no benefit
530304.0,39.0,benefit
,,no benefit
,,no benefit
,,no benefit
,,no benefit
,,no benefit
,,no benefit
,,no benefit
,,no benefit
,,no benefit
,,no benefit
,,no benefit
,,no benefit
,,no benefit
,,no benefit
,,no benefit
,,no benefit
,,no benefit
,,no benefit
,,no benefit
,,no benefit
550285.0,-31.0,no benefit
,,no benefit
,,no benefit
,,no benefit
,,no benefit
,,no benefit
,,no benefit
,,no benefit
,,no benefit
550453.0,8.0,benefit
,,no benefit
550567.0,-58.0,no benefit
,,no benefit
,,no benefit
,,no benefit
566927.0,142.0,benefit
,,no benefit
,,no benefit
,,no benefit
,,no benefit
,,no benefit
,,no benefit
,,no benefit
,,no benefit
,,no benefit
552169.0,-262.0,no benefit
,,no benefit
,,no benefit
,,no benefit
,,no benefit
,,no benefit
,,no benefit
,,no benefit
,,no benefit
,,no benefit
,,no benefit
,,no benefit
,,no benefit
,,no benefit
,,no benefit
,,no benefit
,,no benefit
,,no benefit
,,no benefit
,,no benefit
,,no benefit
,,no benefit
,,no benefit
,,no benefit
,,no benefit
,,no benefit
,,no benefit
,,no benefit
,,no benefit
,,no benefit
,,no benefit
,,no benefit
,,no benefit
,,no benefit
,,no benefit
,,no benefit
549036.0,-148.0,no benefit
,,no benefit
,,no benefit
,,no benefit
,,no benefit
,,no benefit
,,no benefit
,,no benefit
,,no benefit
,,no benefit
,,no benefit
,,no benefit
,,no benefit
,,no benefit
,,no benefit
,,no benefit
,,no benefit
539712.0,134.0,benefit
,,no benefit
,,no benefit
,,no benefit
,,no benefit
,,no benefit
,,no benefit
,,no benefit
,,no benefit
,,no benefit
,,no benefit
,,no benefit
,,no benefit
,,no benefit
,,no benefit
,,no benefit
,,no benefit
,,no benefit
,,no benefit
,,no benefit
,,no benefit
,,no benefit
,,no benefit
,,no benefit
,,no benefit
,,no benefit
564613.0,28.0,benefit
,,no benefit
550583.0,3.0,benefit
,,no benefit
,,no benefit
,,no benefit
,,no benefit
565544.0,-22.0,no benefit
,,no benefit
,,no benefit
,,no benefit
,,no benefit
,,no benefit
,,no benefit
,,no benefit
,,no benefit
,,no benefit
,,no benefit
,,no benefit
,,no benefit
555592.0,-106.0,no benefit
,,no benefit
,,no benefit
,,no benefit
,,no benefit
,,no benefit
,,no benefit
,,no benefit
,,no benefit
,,no benefit
,,no benefit
,,no benefit
,,no benefit
,,no benefit
,,no benefit
,,no benefit
,,no benefit
,,no benefit
,,no benefit
,,no benefit
,,no benefit
555077.0,76.0,benefit
,,no benefit
,,no benefit
,,no benefit
,,no benefit
,,no benefit
,,no benefit
,,no benefit
,,no benefit
,,no benefit
,,no benefit
,,no benefit
,,no benefit
,,no benefit
,,no benefit
,,no benefit
,,no benefit
,,no benefit
,,no benefit
,,no benefit
,,no benefit
,,no benefit
558174.0,-1.0,no benefit
,,no benefit
,,no benefit
551494.0,-111.0,no benefit
,,no benefit
,,no benefit
,,no benefit
,,no benefit
,,no benefit
,,no benefit
,,no benefit
,,no benefit
556077.0,-20.0,no benefit
,,no benefit
,,no benefit
,,no benefit
,,no benefit
,,no benefit
,,no benefit
,,no benefit
,,no benefit
,,no benefit
557097.0,-49.0,no benefit
,,no benefit
,,no benefit
,,no benefit
,,no benefit
,,no benefit
,,no benefit
,,no benefit
,,no benefit
,,no benefit
,,no benefit
,,no benefit
,,no benefit
,,no benefit
557671.0,-54.0,no benefit
,,no benefit
556581.0,-18.0,no benefit
,,no benefit
,,no benefit
564990.0,133.0,benefit
559390.0,-159.0,no benefit
,,no benefit
,,no benefit
,,no benefit
557366.0,62.0,benefit
,,no benefit
,,no benefit
,,no benefit
,,no benefit
,,no benefit
,,no benefit
,,no benefit
,,no benefit
,,no benefit
553996.0,-81.0,no benefit
,,no benefit
,,no benefit
,,no benefit
,,no benefit
,,no benefit
,,no benefit
,,no benefit
,,no benefit
,,no benefit
,,no benefit
,,no benefit
,,no benefit
,,no benefit
,,no benefit
550306.0,-58.0,no benefit
,,no benefit
,,no benefit
,,no benefit
,,no benefit
,,no benefit
,,no benefit
,,no benefit
,,no benefit
,,no benefit
,,no benefit
,,no benefit
,,no benefit
,,no benefit
,,no benefit
,,no benefit
,,no benefit
,,no benefit
,,no benefit
,,no benefit
567637.0,-166.0,no benefit
,,no benefit
,,no benefit
,,no benefit
,,no benefit
,,no benefit
,,no benefit
,,no benefit
,,no benefit
556081.0,-6.0,no benefit
,,no benefit
,,no benefit
554398.0,14.0,benefit
,,no benefit
,,no benefit
,,no benefit
554077.0,6.0,benefit
,,no benefit
,,no benefit
,,no benefit
,,no benefit
,,no benefit
,,no benefit
,,no benefit
,,no benefit
,,no benefit
,,no benefit
,,no benefit
,,no benefit
,,no benefit
,,no benefit
,,no benefit
,,no benefit
,,no benefit
,,no benefit
,,no benefit
,,no benefit
,,no benefit
,,no benefit
,,no benefit
,,no benefit
,,no benefit
,,no benefit
,,no benefit
,,no benefit
554117.0,-1084.0,no benefit
,,no benefit
,,no benefit
,,no benefit
,,no benefit
,,no benefit
554528.0,-32.0,no benefit
,,no benefit
,,no benefit
,,no benefit
,,no benefit
,,no benefit
,,no benefit
,,no benefit
,,no benefit
,,no benefit
,,no benefit
,,no benefit
,,no benefit
,,no benefit
,,no benefit
,,no benefit
,,no benefit
,,no benefit
,,no benefit
,,no benefit
,,no benefit
,,no benefit
,,no benefit
574786.0,65.0,benefit
,,no benefit
,,no benefit
,,no benefit
,,no benefit
,,no benefit
554144.0,21.0,benefit
,,no benefit
,,no benefit
,,no benefit
,,no benefit
,,no benefit
,,no benefit
,,no benefit
,,no benefit
,,no benefit
,,no benefit
,,no benefit
,,no benefit
,,no benefit
,,no benefit
555004.0,-71.0,no benefit
,,no benefit
,,no benefit
,,no benefit
,,no benefit
,,no benefit
,,no benefit
,,no benefit
,,no benefit
,,no benefit
,,no benefit
543323.0,2.0,benefit
,,no benefit
,,no benefit
,,no benefit
,,no benefit
,,no benefit
,,no benefit
,,no benefit
,,no benefit
,,no benefit
,,no benefit
,,no benefit
,,no benefit
,,no benefit
,,no benefit
,,no benefit
,,no benefit
,,no benefit
,,no benefit
,,no benefit
,,no benefit
,,no benefit
,,no benefit
,,no benefit
,,no benefit
,,no benefit
,,no benefit
,,no benefit
,,no benefit
,,no benefit
,,no benefit
,,no benefit
,,no benefit
,,no benefit
,,no benefit
,,no benefit
,,no benefit
,,no benefit
,,no benefit
,,no benefit
,,no benefit
,,no benefit
,,no benefit
,,no benefit
548107.0,-277.0,no benefit
,,no benefit
,,no benefit
,,no benefit
,,no benefit
,,no benefit
,,no benefit
,,no benefit
,,no benefit
,,no benefit
,,no benefit
,,no benefit
,,no benefit
,,no benefit
566170.0,-2.0,no benefit
,,no benefit
,,no benefit
,,no benefit
554711.0,1.0,benefit
,,no benefit
,,no benefit
,,no benefit
,,no benefit
,,no benefit
,,no benefit
,,no benefit
,,no benefit
,,no benefit
,,no benefit
,,no benefit
,,no benefit
,,no benefit
,,no benefit
,,no benefit
,,no benefit
,,no benefit
,,no benefit
,,no benefit
,,no benefit
,,no benefit
,,no benefit
,,no benefit
,,no benefit
,,no benefit
,,no benefit
,,no benefit
,,no benefit
,,no benefit
,,no benefit
,,no benefit
,,no benefit
559072.0,-56.0,no benefit
,,no benefit
,,no benefit
,,no benefit
,,no benefit
,,no benefit
,,no benefit
,,no benefit
,,no benefit
,,no benefit
,,no benefit
,,no benefit
560638.0,-892.0,no benefit
,,no benefit
,,no benefit
,,no benefit
,,no benefit
,,no benefit
,,no benefit
,,no benefit
572671.0,12.0,benefit
,,no benefit
,,no benefit
,,no benefit
,,no benefit
,,no benefit
,,no benefit
,,no benefit
,,no benefit
,,no benefit
,,no benefit
517671.0,-249.0,no benefit
,,no benefit
,,no benefit
,,no benefit
,,no benefit
,,no benefit
,,no benefit
,,no benefit
568065.0,-64.0,no benefit
,,no benefit
544588.0,50.0,benefit
,,no benefit
,,no benefit
,,no benefit
,,no benefit
,,no benefit
,,no benefit
542219.0,0.0,no benefit
,,no benefit
,,no benefit
553902.0,-128.0,no benefit
,,no benefit
,,no benefit
,,no benefit
,,no benefit
,,no benefit
,,no benefit
,,no benefit
,,no benefit
,,no benefit
,,no benefit
,,no benefit
,,no benefit
,,no benefit
,,no benefit
,,no benefit
543686.0,-11.0,no benefit
,,no benefit
,,no benefit
,,no benefit
,,no benefit
,,no benefit
,,no benefit
,,no benefit
,,no benefit
,,no benefit
,,no benefit
,,no benefit
,,no benefit
,,no benefit
,,no benefit
,,no benefit
,,no benefit
,,no benefit
540696.0,-109.0,no benefit
,,no benefit
,,no benefit
,,no benefit
,,no benefit
,,no benefit
,,no benefit
538639.0,38.0,benefit
,,no benefit
,,no benefit
,,no benefit
,,no benefit
,,no benefit
,,no benefit
,,no benefit
,,no benefit
,,no benefit
,,no benefit
,,no benefit
552598.0,10.0,benefit
,,no benefit
562075.0,70.0,benefit
,,no benefit
,,no benefit
,,no benefit
,,no benefit
,,no benefit
,,no benefit
,,no benefit
,,no benefit
,,no benefit
,,no benefit
,,no benefit
,,no benefit
,,no benefit
,,no benefit
,,no benefit
,,no benefit
,,no benefit
,,no benefit
,,no benefit
,,no benefit
,,no benefit
,,no benefit
,,no benefit
,,no benefit
,,no benefit
560872.0,-56.0,no benefit
,,no benefit
,,no benefit
,,no benefit
,,no benefit
,,no benefit
,,no benefit
,,no benefit
,,no benefit
,,no benefit
566651.0,32.0,benefit
,,no benefit
,,no benefit
572580.0,-12.0,no benefit
,,no benefit
,,no benefit
,,no benefit
,,no benefit
,,no benefit
,,no benefit
,,no benefit
,,no benefit
,,no benefit
,,no benefit
,,no benefit
,,no benefit
,,no benefit
,,no benefit
556513.0,-68.0,no benefit
,,no benefit
,,no benefit
,,no benefit
,,no benefit
,,no benefit
,,no benefit
,,no benefit
,,no benefit
,,no benefit
,,no benefit
,,no benefit
,,no benefit
,,no benefit
,,no benefit
,,no benefit
,,no benefit
,,no benefit
,,no benefit
,,no benefit
,,no benefit
,,no benefit
,,no benefit
,,no benefit
,,no benefit
,,no benefit
,,no benefit
,,no benefit
,,no benefit
,,no benefit
,,no benefit
,,no benefit
,,no benefit
,,no benefit
561309.0,-577.0,no benefit
,,no benefit
,,no benefit
,,no benefit
,,no benefit
,,no benefit
,,no benefit
,,no benefit
,,no benefit
,,no benefit
,,no benefit
,,no benefit
,,no benefit
,,no benefit
537960.0,31.0,benefit
,,no benefit
,,no benefit
545594.0,22.0,benefit
,,no benefit
,,no benefit
,,no benefit
,,no benefit
,,no benefit
,,no benefit
,,no benefit
564600.0,-61.0,no benefit
,,no benefit
,,no benefit
,,no benefit
,,no benefit
,,no benefit
,,no benefit
,,no benefit
,,no benefit
,,no benefit
,,no benefit
561530.0,-5.0,no benefit
,,no benefit
,,no benefit
,,no benefit
,,no benefit
565814.0,48.0,benefit
,,no benefit
,,no benefit
561260.0,-75.0,no benefit
,,no benefit
,,no benefit
,,no benefit
567442.0,-353.0,no benefit
,,no benefit
,,no benefit
,,no benefit
,,no benefit
,,no benefit
,,no benefit
,,no benefit
,,no benefit
,,no benefit
,,no benefit
,,no benefit
,,no benefit
,,no benefit
566798.0,50.0,benefit
,,no benefit
560610.0,-54.0,no benefit
565577.0,-259.0,no benefit
,,no benefit
,,no benefit
,,no benefit
,,no benefit
,,no benefit
560681.0,-21.0,no benefit
,,no benefit
,,no benefit
,,no benefit
,,no benefit
,,no benefit
,,no benefit
,,no benefit
,,no benefit
,,no benefit
,,no benefit
,,no benefit
,,no benefit
,,no benefit
,,no benefit
,,no benefit
,,no benefit
,,no benefit
,,no benefit
569272.0,7.0,benefit
,,no benefit
,,no benefit
,,no benefit
,,no benefit
,,no benefit
,,no benefit
,,no benefit
,,no benefit
,,no benefit
,,no benefit
550806.0,-18.0,no benefit
,,no benefit
,,no benefit
,,no benefit
,,no benefit
,,no benefit
,,no benefit
,,no benefit
,,no benefit
,,no benefit
,,no benefit
,,no benefit
557700.0,315.0,benefit
,,no benefit
,,no benefit
,,no benefit
,,no benefit
,,no benefit
,,no benefit
,,no benefit
,,no benefit
,,no benefit
,,no benefit
,,no benefit
,,no benefit
,,no benefit
,,no benefit
,,no benefit
,,no benefit
,,no benefit
,,no benefit
,,no benefit
,,no benefit
,,no benefit
509972.0,-664.0,no benefit
,,no benefit
564545.0,-90.0,no benefit
,,no benefit
557899.0,-25.0,no benefit
563870.0,-731.0,no benefit
,,no benefit
,,no benefit
,,no benefit
,,no benefit
,,no benefit
,,no benefit
,,no benefit
,,no benefit
,,no benefit
,,no benefit
,,no benefit
,,no benefit
,,no benefit
,,no benefit
,,no benefit
,,no benefit
,,no benefit
,,no benefit
,,no benefit
,,no benefit
,,no benefit
,,no benefit
,,no benefit
,,no benefit
,,no benefit
,,no benefit
,,no benefit
,,no benefit
,,no benefit
,,no benefit
,,no benefit
,,no benefit
,,no benefit
,,no benefit
,,no benefit
,,no benefit
,,no benefit
,,no benefit
,,no benefit
,,no benefit
,,no benefit
,,no benefit
,,no benefit
,,no benefit
,,no benefit
,,no benefit
,,no benefit
,,no benefit
,,no benefit
,,no benefit
550539.0,-59.0,no benefit
,,no benefit
,,no benefit
,,no benefit
,,no benefit
,,no benefit
,,no benefit
,,no benefit
,,no benefit
,,no benefit
,,no benefit
,,no benefit
,,no benefit
,,no benefit
,,no benefit
,,no benefit
,,no benefit
,,no benefit
,,no benefit
563059.0,-24.0,no benefit
,,no benefit
,,no benefit
,,no benefit
,,no benefit
,,no benefit
,,no benefit
,,no benefit
,,no benefit
,,no benefit
,,no benefit
,,no benefit
,,no benefit
,,no benefit
,,no benefit
,,no benefit
,,no benefit
,,no benefit
,,no benefit
563443.0,-1.0,no benefit
569781.0,-687.0,no benefit
,,no benefit
,,no benefit
,,no benefit
,,no benefit
,,no benefit
,,no benefit
,,no benefit
,,no benefit
,,no benefit
,,no benefit
,,no benefit
,,no benefit
,,no benefit
,,no benefit
525338.0,19.0,benefit
,,no benefit
,,no benefit
,,no benefit
539108.0,-39.0,no benefit
,,no benefit
,,no benefit
,,no benefit
,,no benefit
,,no benefit
,,no benefit
,,no benefit
,,no benefit
,,no benefit
,,no benefit
,,no benefit
,,no benefit
,,no benefit
,,no benefit
,,no benefit
,,no benefit
,,no benefit
561211.0,-134.0,no benefit
563613.0,11.0,benefit
,,no benefit
,,no benefit
,,no benefit
,,no benefit
,,no benefit
,,no benefit
,,no benefit
,,no benefit
537033.0,8.0,benefit
,,no benefit
,,no benefit
,,no benefit
,,no benefit
,,no benefit
,,no benefit
,,no benefit
,,no benefit
,,no benefit
,,no benefit
537576.0,18.0,benefit
,,no benefit
,,no benefit
,,no benefit
,,no benefit
,,no benefit
,,no benefit
,,no benefit
,,no benefit
,,no benefit
,,no benefit
,,no benefit
,,no benefit
,,no benefit
,,no benefit
,,no benefit
,,no benefit
,,no benefit
,,no benefit
,,no benefit
,,no benefit
,,no benefit
,,no benefit
,,no benefit
,,no benefit
,,no benefit
527519.0,137.0,benefit
,,no benefit
,,no benefit
,,no benefit
555546.0,2.0,benefit
,,no benefit
535313.0,23.0,benefit
,,no benefit
,,no benefit
,,no benefit
,,no benefit
,,no benefit
,,no benefit
,,no benefit
,,no benefit
,,no benefit
,,no benefit
,,no benefit
,,no benefit
,,no benefit
,,no benefit
,,no benefit
,,no benefit
,,no benefit
,,no benefit
548080.0,34.0,benefit
,,no benefit
,,no benefit
,,no benefit
,,no benefit
,,no benefit
,,no benefit
,,no benefit
,,no benefit
,,no benefit
,,no benefit
,,no benefit
,,no benefit
,,no benefit
,,no benefit
,,no benefit
,,no benefit
,,no benefit
,,no benefit
,,no benefit
,,no benefit
,,no benefit
,,no benefit
,,no benefit
,,no benefit
,,no benefit
,,no benefit
,,no benefit
,,no benefit
,,no benefit
,,no benefit
,,no benefit
,,no benefit
,,no benefit
,,no benefit
,,no benefit
,,no benefit
,,no benefit
,,no benefit
,,no benefit
,,no benefit
,,no benefit
,,no benefit
,,no benefit
,,no benefit
,,no benefit
,,no benefit
,,no benefit
,,no benefit
,,no benefit
,,no benefit
,,no benefit
,,no benefit
,,no benefit
,,no benefit
,,no benefit
554652.0,-24.0,no benefit
,,no benefit
,,no benefit
,,no benefit
,,no benefit
,,no benefit
529888.0,169.0,benefit
,,no benefit
,,no benefit
,,no benefit
,,no benefit
,,no benefit
,,no benefit
532994.0,-59.0,no benefit
,,no benefit
,,no benefit
,,no benefit
,,no benefit
,,no benefit
,,no benefit
,,no benefit
,,no benefit
561882.0,-19.0,no benefit
,,no benefit
,,no benefit
,,no benefit
,,no benefit
,,no benefit
,,no benefit
,,no benefit
,,no benefit
,,no benefit
,,no benefit
,,no benefit
,,no benefit
,,no benefit
564684.0,-26.0,no benefit
,,no benefit
,,no benefit
,,no benefit
,,no benefit
,,no benefit
,,no benefit
,,no benefit
,,no benefit
,,no benefit
,,no benefit
,,no benefit
,,no benefit
,,no benefit
,,no benefit
,,no benefit
,,no benefit
,,no benefit
,,no benefit
,,no benefit
,,no benefit
,,no benefit
,,no benefit
,,no benefit
,,no benefit
,,no benefit
,,no benefit
,,no benefit
,,no benefit
,,no benefit
,,no benefit
,,no benefit
,,no benefit
573698.0,61.0,benefit
,,no benefit
,,no benefit
,,no benefit
,,no benefit
,,no benefit
,,no benefit
,,no benefit
,,no benefit
535039.0,62.0,benefit
,,no benefit
,,no benefit
,,no benefit
538592.0,-544.0,no benefit
,,no benefit
,,no benefit
,,no benefit
,,no benefit
,,no benefit
,,no benefit
,,no benefit
,,no benefit
,,no benefit
,,no benefit
,,no benefit
,,no benefit
,,no benefit
,,no benefit
522667.0,119.0,benefit
,,no benefit
,,no benefit
,,no benefit
535185.0,-500.0,no benefit
,,no benefit
,,no benefit
,,no benefit
,,no benefit
,,no benefit
,,no benefit
,,no benefit
,,no benefit
,,no benefit
,,no benefit
,,no benefit
,,no benefit
,,no benefit
,,no benefit
,,no benefit
,,no benefit
,,no benefit
,,no benefit
,,no benefit
,,no benefit
,,no benefit
,,no benefit
,,no benefit
,,no benefit
,,no benefit
,,no benefit
,,no benefit
,,no benefit
,,no benefit
,,no benefit
,,no benefit
,,no benefit
,,no benefit
,,no benefit
538335.0,-128.0,no benefit
,,no benefit
533521.0,20.0,benefit
,,no benefit
,,no benefit
543033.0,-45.0,no benefit
,,no benefit
,,no benefit
,,no benefit
,,no benefit
,,no benefit
,,no benefit
,,no benefit
,,no benefit
,,no benefit
,,no benefit
,,no benefit
,,no benefit
,,no benefit
,,no benefit
,,no benefit
,,no benefit
,,no benefit
,,no benefit
,,no benefit
,,no benefit
,,no benefit
,,no benefit
,,no benefit
,,no benefit
,,no benefit
,,no benefit
,,no benefit
,,no benefit
,,no benefit
,,no benefit
,,no benefit
523175.0,2976.0,benefit
,,no benefit
,,no benefit
,,no benefit
,,no benefit
,,no benefit
,,no benefit
,,no benefit
,,no benefit
,,no benefit
,,no benefit
539006.0,94.0,benefit
,,no benefit
,,no benefit
,,no benefit
541396.0,33.0,benefit
,,no benefit
,,no benefit
,,no benefit
,,no benefit
,,no benefit
,,no benefit
,,no benefit
,,no benefit
,,no benefit
,,no benefit
,,no benefit
,,no benefit
,,no benefit
,,no benefit
538244.0,23.0,benefit
,,no benefit
,,no benefit
,,no benefit
544230.0,9.0,benefit
,,no benefit
,,no benefit
,,no benefit
543848.0,20.0,benefit
,,no benefit
,,no benefit
,,no benefit
,,no benefit
,,no benefit
,,no benefit
,,no benefit
,,no benefit
,,no benefit
545532.0,7.0,benefit
,,no benefit
,,no benefit
,,no benefit
,,no benefit
,,no benefit
,,no benefit
,,no benefit
,,no benefit
,,no benefit
,,no benefit
,,no benefit
,,no benefit
,,no benefit
543175.0,4.0,benefit
,,no benefit
,,no benefit
,,no benefit
,,no benefit
,,no benefit
,,no benefit
,,no benefit
,,no benefit
,,no benefit
550903.0,-18.0,no benefit
,,no benefit
,,no benefit
,,no benefit
539744.0,-104.0,no benefit
,,no benefit
,,no benefit
,,no benefit
,,no benefit
,,no benefit
,,no benefit
,,no benefit
,,no benefit
,,no benefit
544443.0,56.0,benefit
,,no benefit
,,no benefit
,,no benefit
545463.0,40.0,benefit
,,no benefit
,,no benefit
,,no benefit
,,no benefit
,,no benefit
,,no benefit
,,no benefit
,,no benefit
,,no benefit
550415.0,144.0,benefit
,,no benefit
,,no benefit
,,no benefit
,,no benefit
,,no benefit
,,no benefit
,,no benefit
,,no benefit
551652.0,-3.0,no benefit
,,no benefit
,,no benefit
,,no benefit
,,no benefit
,,no benefit
,,no benefit
,,no benefit
,,no benefit
551575.0,22.0,benefit
,,no benefit
,,no benefit
563235.0,-107.0,no benefit
548833.0,75.0,benefit
,,no benefit
,,no benefit
,,no benefit
,,no benefit
,,no benefit
,,no benefit
,,no benefit
,,no benefit
,,no benefit
,,no benefit
,,no benefit
,,no benefit
,,no benefit
546653.0,-77.0,no benefit
,,no benefit
,,no benefit
,,no benefit
,,no benefit
,,no benefit
,,no benefit
,,no benefit
,,no benefit
,,no benefit
545062.0,-98.0,no benefit
,,no benefit
,,no benefit
,,no benefit
,,no benefit
,,no benefit
,,no benefit
,,no benefit
,,no benefit
,,no benefit
564237.0,13.0,benefit
,,no benefit
,,no benefit
,,no benefit
,,no benefit
,,no benefit
,,no benefit
,,no benefit
,,no benefit
,,no benefit
,,no benefit
,,no benefit
,,no benefit
554266.0,106.0,benefit
,,no benefit
,,no benefit
,,no benefit
,,no benefit
,,no benefit
,,no benefit
,,no benefit
,,no benefit
,,no benefit
,,no benefit
,,no benefit
,,no benefit
,,no benefit
,,no benefit
,,no benefit
,,no benefit
,,no benefit
,,no benefit
,,no benefit
,,no benefit
,,no benefit
,,no benefit
,,no benefit
,,no benefit
,,no benefit
,,no benefit
,,no benefit
,,no benefit
,,no benefit
552353.0,-33.0,no benefit
,,no benefit
,,no benefit
,,no benefit
548864.0,527.0,benefit
,,no benefit
,,no benefit
,,no benefit
,,no benefit
,,no benefit
,,no benefit
,,no benefit
,,no benefit
,,no benefit
,,no benefit
,,no benefit
,,no benefit
,,no benefit
,,no benefit
,,no benefit
,,no benefit
,,no benefit
,,no benefit
,,no benefit
,,no benefit
,,no benefit
,,no benefit
,,no benefit
,,no benefit
,,no benefit
,,no benefit
537483.0,34.0,benefit
,,no benefit
554954.0,-152.0,no benefit
,,no benefit
,,no benefit
,,no benefit
,,no benefit
,,no benefit
,,no benefit
,,no benefit
,,no benefit
,,no benefit
,,no benefit
,,no benefit
557439.0,64.0,benefit
,,no benefit
,,no benefit
,,no benefit
,,no benefit
,,no benefit
,,no benefit
,,no benefit
,,no benefit
,,no benefit
,,no benefit
,,no benefit
,,no benefit
,,no benefit
,,no benefit
,,no benefit
,,no benefit
,,no benefit
,,no benefit
,,no benefit
,,no benefit
,,no benefit
,,no benefit
,,no benefit
,,no benefit
,,no benefit
,,no benefit
,,no benefit
567093.0,-2.0,no benefit
,,no benefit
,,no benefit
568298.0,7.0,benefit
,,no benefit
,,no benefit
,,no benefit
,,no benefit
,,no benefit
,,no benefit
,,no benefit
,,no benefit
,,no benefit
,,no benefit
,,no benefit
,,no benefit
,,no benefit
,,no benefit
,,no benefit
,,no benefit
,,no benefit
,,no benefit
,,no benefit
,,no benefit
,,no benefit
,,no benefit
,,no benefit
,,no benefit
,,no benefit
571215.0,0.0,no benefit
,,no benefit
,,no benefit
,,no benefit
,,no benefit
,,no benefit
,,no benefit
569017.0,111.0,benefit
,,no benefit
,,no benefit
,,no benefit
,,no benefit
,,no benefit
,,no benefit
,,no benefit
,,no benefit
,,no benefit
,,no benefit
,,no benefit
,,no benefit
,,no benefit
553599.0,0.0,no benefit
,,no benefit
,,no benefit
,,no benefit
,,no benefit
,,no benefit
,,no benefit
,,no benefit
515659.0,-1.0,no benefit
,,no benefit
,,no benefit
,,no benefit
,,no benefit
,,no benefit
,,no benefit
,,no benefit
,,no benefit
564522.0,95.0,benefit
,,no benefit
,,no benefit
,,no benefit
,,no benefit
,,no benefit
,,no benefit
,,no benefit
,,no benefit
,,no benefit
,,no benefit
,,no benefit
,,no benefit
,,no benefit
,,no benefit
,,no benefit
,,no benefit
,,no benefit
,,no benefit
,,no benefit
,,no benefit
,,no benefit
,,no benefit
,,no benefit
,,no benefit
,,no benefit
,,no benefit
,,no benefit
,,no benefit
,,no benefit
,,no benefit
,,no benefit
,,no benefit
,,no benefit
,,no benefit
,,no benefit
,,no benefit
,,no benefit
,,no benefit
,,no benefit
,,no benefit
,,no benefit
,,no benefit
561277.0,39.0,benefit
,,no benefit
,,no benefit
,,no benefit
,,no benefit
553717.0,-46.0,no benefit
,,no benefit
569229.0,46.0,benefit
,,no benefit
567964.0,-22.0,no benefit
,,no benefit
,,no benefit
,,no benefit
567843.0,93.0,benefit
,,no benefit
,,no benefit
,,no benefit
,,no benefit
,,no benefit
561722.0,224.0,benefit
,,no benefit
,,no benefit
,,no benefit
,,no benefit
,,no benefit
,,no benefit
,,no benefit
,,no benefit
,,no benefit
,,no benefit
,,no benefit
566591.0,-31.0,no benefit
561807.0,-3.0,no benefit
,,no benefit
,,no benefit
,,no benefit
,,no benefit
,,no benefit
,,no benefit
,,no benefit
567644.0,-1408.0,no benefit
,,no benefit
,,no benefit
,,no benefit
,,no benefit
,,no benefit
,,no benefit
565555.0,101.0,benefit
,,no benefit
,,no benefit
,,no benefit
566412.0,-129.0,no benefit
,,no benefit
,,no benefit
,,no benefit
,,no benefit
,,no benefit
,,no benefit
568767.0,-78.0,no benefit
,,no benefit
,,no benefit
,,no benefit
,,no benefit
561080.0,107.0,benefit
,,no benefit
,,no benefit
,,no benefit
,,no benefit
,,no benefit
,,no benefit
,,no benefit
,,no benefit
,,no benefit
,,no benefit
,,no benefit
,,no benefit
,,no benefit
,,no benefit
565815.0,-40.0,no benefit
,,no benefit
,,no benefit
,,no benefit
,,no benefit
572285.0,-101.0,no benefit
,,no benefit
,,no benefit
,,no benefit
572181.0,147.0,benefit
,,no benefit
,,no benefit
,,no benefit
,,no benefit
,,no benefit
,,no benefit
,,no benefit
,,no benefit
,,no benefit
,,no benefit
538439.0,-171.0,no benefit
,,no benefit
,,no benefit
,,no benefit
,,no benefit
,,no benefit
,,no benefit
,,no benefit
,,no benefit
,,no benefit
,,no benefit
,,no benefit
,,no benefit
,,no benefit
,,no benefit
,,no benefit
,,no benefit
539557.0,21.0,benefit
,,no benefit
,,no benefit
,,no benefit
,,no benefit
,,no benefit
,,no benefit
,,no benefit
,,no benefit
,,no benefit
,,no benefit
,,no benefit
,,no benefit
,,no benefit
,,no benefit
,,no benefit
,,no benefit
,,no benefit
,,no benefit
,,no benefit
,,no benefit
,,no benefit
,,no benefit
,,no benefit
,,no benefit
,,no benefit
,,no benefit
,,no benefit
,,no benefit
,,no benefit
,,no benefit
,,no benefit
,,no benefit
,,no benefit
,,no benefit
,,no benefit
,,no benefit
,,no benefit
,,no benefit
,,no benefit
539791.0,670.0,benefit
,,no benefit
,,no benefit
,,no benefit
,,no benefit
,,no benefit
,,no benefit
,,no benefit
,,no benefit
,,no benefit
,,no benefit
,,no benefit
,,no benefit
,,no benefit
,,no benefit
,,no benefit
540059.0,1.0,benefit
,,no benefit
,,no benefit
,,no benefit
,,no benefit
,,no benefit
,,no benefit
,,no benefit
,,no benefit
,,no benefit
,,no benefit
,,no benefit
,,no benefit
,,no benefit
,,no benefit
,,no benefit
,,no benefit
,,no benefit
,,no benefit
,,no benefit
,,no benefit
,,no benefit
,,no benefit
,,no benefit
,,no benefit
,,no benefit
,,no benefit
566005.0,354.0,benefit
,,no benefit
,,no benefit
,,no benefit
537250.0,-663.0,no benefit
,,no benefit
,,no benefit
,,no benefit
,,no benefit
,,no benefit
,,no benefit
,,no benefit
,,no benefit
,,no benefit
,,no benefit
,,no benefit
,,no benefit
,,no benefit
,,no benefit
,,no benefit
551501.0,-476.0,no benefit
,,no benefit
,,no benefit
,,no benefit
,,no benefit
529144.0,-5.0,no benefit
537243.0,242.0,benefit
,,no benefit
529626.0,66.0,benefit
,,no benefit
,,no benefit
,,no benefit
,,no benefit
,,no benefit
,,no benefit
,,no benefit
,,no benefit
,,no benefit
,,no benefit
,,no benefit
,,no benefit
,,no benefit
,,no benefit
,,no benefit
,,no benefit
,,no benefit
,,no benefit
,,no benefit
,,no benefit
,,no benefit
,,no benefit
,,no benefit
,,no benefit
,,no benefit
,,no benefit
565872.0,62.0,benefit
,,no benefit
,,no benefit
533474.0,-12.0,no benefit
,,no benefit
,,no benefit
,,no benefit
,,no benefit
,,no benefit
,,no benefit
,,no benefit
,,no benefit
564143.0,-122.0,no benefit
,,no benefit
,,no benefit
,,no benefit
562156.0,249.0,benefit
,,no benefit
,,no benefit
,,no benefit
,,no benefit
,,no benefit
,,no benefit
,,no benefit
,,no benefit
,,no benefit
,,no benefit
553521.0,53.0,benefit
563509.0,-432.0,no benefit
,,no benefit
,,no benefit
,,no benefit
,,no benefit
,,no benefit
,,no benefit
,,no benefit
,,no benefit
534332.0,44.0,benefit
519682.0,-223.0,no benefit
,,no benefit
,,no benefit
,,no benefit
539958.0,299.0,benefit
,,no benefit
,,no benefit
,,no benefit
,,no benefit
,,no benefit
,,no benefit
,,no benefit
,,no benefit
,,no benefit
,,no benefit
,,no benefit
,,no benefit
,,no benefit
,,no benefit
,,no benefit
,,no benefit
,,no benefit
,,no benefit
,,no benefit
,,no benefit
,,no benefit
,,no benefit
539969.0,-37.0,no benefit
,,no benefit
,,no benefit
,,no benefit
,,no benefit
,,no benefit
,,no benefit
,,no benefit
,,no benefit
,,no benefit
,,no benefit
,,no benefit
,,no benefit
,,no benefit
,,no benefit
,,no benefit
,,no benefit
540311.0,48.0,benefit
,,no benefit
,,no benefit
,,no benefit
,,no benefit
,,no benefit
,,no benefit
,,no benefit
,,no benefit
,,no benefit
,,no benefit
,,no benefit
,,no benefit
,,no benefit
,,no benefit
,,no benefit
563657.0,-492.0,no benefit
,,no benefit
,,no benefit
554547.0,70.0,benefit
,,no benefit
,,no benefit
,,no benefit
,,no benefit
,,no benefit
,,no benefit
,,no benefit
,,no benefit
,,no benefit
,,no benefit
,,no benefit
561213.0,124.0,benefit
,,no benefit
,,no benefit
565345.0,-54.0,no benefit
,,no benefit
,,no benefit
,,no benefit
,,no benefit
,,no benefit
,,no benefit
,,no benefit
,,no benefit
570957.0,7.0,benefit
,,no benefit
,,no benefit
,,no benefit
,,no benefit
,,no benefit
,,no benefit
,,no benefit
,,no benefit
,,no benefit
,,no benefit
,,no benefit
,,no benefit
,,no benefit
,,no benefit
,,no benefit
,,no benefit
,,no benefit
,,no benefit
,,no benefit
,,no benefit
,,no benefit
533793.0,-17.0,no benefit
,,no benefit
546067.0,33.0,benefit
,,no benefit
,,no benefit
,,no benefit
,,no benefit
,,no benefit
,,no benefit
,,no benefit
,,no benefit
,,no benefit
,,no benefit
,,no benefit
,,no benefit
,,no benefit
,,no benefit
,,no benefit
,,no benefit
,,no benefit
,,no benefit
,,no benefit
,,no benefit
,,no benefit
538177.0,50.0,benefit
,,no benefit
,,no benefit
557772.0,-61.0,no benefit
,,no benefit
,,no benefit
,,no benefit
,,no benefit
,,no benefit
,,no benefit
,,no benefit
,,no benefit
,,no benefit
,,no benefit
,,no benefit
,,no benefit
,,no benefit
,,no benefit
,,no benefit
,,no benefit
,,no benefit
540797.0,12.0,benefit
,,no benefit
,,no benefit
,,no benefit
,,no benefit
,,no benefit
,,no benefit
,,no benefit
,,no benefit
539340.0,-18.0,no benefit
,,no benefit
,,no benefit
,,no benefit
,,no benefit
,,no benefit
,,no benefit
,,no benefit
,,no benefit
,,no benefit
,,no benefit
,,no benefit
,,no benefit
,,no benefit
,,no benefit
,,no benefit
541455.0,-172.0,no benefit
,,no benefit
,,no benefit
,,no benefit
,,no benefit
542364.0,-38.0,no benefit
,,no benefit
,,no benefit
,,no benefit
,,no benefit
,,no benefit
,,no benefit
,,no benefit
,,no benefit
,,no benefit
,,no benefit
,,no benefit
,,no benefit
,,no benefit
,,no benefit
,,no benefit
,,no benefit
,,no benefit
,,no benefit
,,no benefit
,,no benefit
534964.0,-3.0,no benefit
,,no benefit
,,no benefit
,,no benefit
,,no benefit
,,no benefit
,,no benefit
,,no benefit
,,no benefit
,,no benefit
,,no benefit
,,no benefit
,,no benefit
,,no benefit
,,no benefit
,,no benefit
,,no benefit
,,no benefit
,,no benefit
,,no benefit
,,no benefit
,,no benefit
,,no benefit
,,no benefit
,,no benefit
,,no benefit
,,no benefit
,,no benefit
,,no benefit
,,no benefit
,,no benefit
,,no benefit
,,no benefit
,,no benefit
531984.0,-605.0,no benefit
,,no benefit
,,no benefit
,,no benefit
,,no benefit
,,no benefit
,,no benefit
,,no benefit
,,no benefit
,,no benefit
,,no benefit
,,no benefit
,,no benefit
,,no benefit
,,no benefit
,,no benefit
,,no benefit
,,no benefit
,,no benefit
,,no benefit
,,no benefit
,,no benefit
,,no benefit
,,no benefit
,,no benefit
,,no benefit
,,no benefit
537400.0,1.0,benefit
,,no benefit
,,no benefit
,,no benefit
564185.0,13.0,benefit
,,no benefit
,,no benefit
,,no benefit
,,no benefit
,,no benefit
,,no benefit
,,no benefit
558588.0,41.0,benefit
,,no benefit
,,no benefit
,,no benefit
,,no benefit
,,no benefit
567020.0,-470.0,no benefit
,,no benefit
,,no benefit
,,no benefit
,,no benefit
,,no benefit
,,no benefit
,,no benefit
,,no benefit
,,no benefit
,,no benefit
,,no benefit
,,no benefit
,,no benefit
,,no benefit
,,no benefit
,,no benefit
,,no benefit
,,no benefit
,,no benefit
,,no benefit
,,no benefit
,,no benefit
,,no benefit
563062.0,4.0,benefit
,,no benefit
,,no benefit
,,no benefit
,,no benefit
,,no benefit
,,no benefit
,,no benefit
,,no benefit
,,no benefit
,,no benefit
,,no benefit
,,no benefit
,,no benefit
,,no benefit
,,no benefit
,,no benefit
,,no benefit
,,no benefit
,,no benefit
,,no benefit
552061.0,240.0,benefit
,,no benefit
,,no benefit
,,no benefit
,,no benefit
,,no benefit
,,no benefit
,,no benefit
,,no benefit
,,no benefit
565321.0,-30.0,no benefit
,,no benefit
,,no benefit
,,no benefit
,,no benefit
,,no benefit
,,no benefit
,,no benefit
,,no benefit
563229.0,-41.0,no benefit
,,no benefit
,,no benefit
,,no benefit
,,no benefit
,,no benefit
,,no benefit
,,no benefit
,,no benefit
,,no benefit
,,no benefit
,,no benefit
,,no benefit
,,no benefit
,,no benefit
,,no benefit
,,no benefit
,,no benefit
,,no benefit
,,no benefit
,,no benefit
,,no benefit
,,no benefit
,,no benefit
,,no benefit
,,no benefit
,,no benefit
,,no benefit
,,no benefit
556043.0,2.0,benefit
538452.0,64.0,benefit
,,no benefit
,,no benefit
,,no benefit
,,no benefit
,,no benefit
,,no benefit
549523.0,121.0,benefit
,,no benefit
542232.0,-226.0,no benefit
,,no benefit
,,no benefit
,,no benefit
541605.0,1.0,benefit
,,no benefit
,,no benefit
,,no benefit
,,no benefit
,,no benefit
,,no benefit
,,no benefit
,,no benefit
,,no benefit
542164.0,-25.0,no benefit
523988.0,86.0,benefit
,,no benefit
554118.0,113.0,benefit
553900.0,8.0,benefit
,,no benefit
,,no benefit
,,no benefit
554505.0,-47.0,no benefit
,,no benefit
,,no benefit
,,no benefit
,,no benefit
,,no benefit
,,no benefit
,,no benefit
,,no benefit
,,no benefit
,,no benefit
,,no benefit
,,no benefit
,,no benefit
,,no benefit
,,no benefit
,,no benefit
,,no benefit
,,no benefit
,,no benefit
,,no benefit
,,no benefit
,,no benefit
,,no benefit
,,no benefit
,,no benefit
,,no benefit
,,no benefit
,,no benefit
,,no benefit
,,no benefit
,,no benefit
,,no benefit
,,no benefit
,,no benefit
,,no benefit
,,no benefit
,,no benefit
,,no benefit
,,no benefit
,,no benefit
,,no benefit
,,no benefit
,,no benefit
,,no benefit
,,no benefit
,,no benefit
,,no benefit
,,no benefit
,,no benefit
,,no benefit
,,no benefit
,,no benefit
,,no benefit
,,no benefit
,,no benefit
,,no benefit
,,no benefit
,,no benefit
,,no benefit
,,no benefit
,,no benefit
,,no benefit
,,no benefit
561557.0,4.0,benefit
,,no benefit
,,no benefit
,,no benefit
,,no benefit
,,no benefit
,,no benefit
,,no benefit
,,no benefit
563518.0,-13.0,no benefit
,,no benefit
,,no benefit
567288.0,-86.0,no benefit
,,no benefit
,,no benefit
,,no benefit
563557.0,3.0,benefit
,,no benefit
,,no benefit
,,no benefit
557146.0,-8.0,no benefit
,,no benefit
,,no benefit
,,no benefit
,,no benefit
,,no benefit
,,no benefit
,,no benefit
,,no benefit
,,no benefit
,,no benefit
,,no benefit
,,no benefit
565610.0,-18.0,no benefit
,,no benefit
,,no benefit
,,no benefit
,,no benefit
,,no benefit
,,no benefit
,,no benefit
,,no benefit
,,no benefit
,,no benefit
,,no benefit
,,no benefit
,,no benefit
,,no benefit
,,no benefit
,,no benefit
,,no benefit
,,no benefit
,,no benefit
,,no benefit
,,no benefit
,,no benefit
,,no benefit
,,no benefit
,,no benefit
,,no benefit
,,no benefit
,,no benefit
,,no benefit
,,no benefit
,,no benefit
,,no benefit
,,no benefit
,,no benefit
,,no benefit
,,no benefit
,,no benefit
,,no benefit
546969.0,104.0,benefit
,,no benefit
,,no benefit
,,no benefit
,,no benefit
,,no benefit
,,no benefit
,,no benefit
,,no benefit
,,no benefit
,,no benefit
,,no benefit
,,no benefit
,,no benefit
,,no benefit
,,no benefit
,,no benefit
,,no benefit
,,no benefit
,,no benefit
,,no benefit
,,no benefit
,,no benefit
,,no benefit
,,no benefit
,,no benefit
,,no benefit
,,no benefit
,,no benefit
565728.0,50.0,benefit
,,no benefit
,,no benefit
574596.0,10.0,benefit
572492.0,9.0,benefit
,,no benefit
,,no benefit
,,no benefit
,,no benefit
,,no benefit
,,no benefit
,,no benefit
,,no benefit
,,no benefit
,,no benefit
,,no benefit
565837.0,-61.0,no benefit
,,no benefit
,,no benefit
,,no benefit
,,no benefit
,,no benefit
,,no benefit
,,no benefit
,,no benefit
,,no benefit
,,no benefit
,,no benefit
,,no benefit
549626.0,115.0,benefit
,,no benefit
,,no benefit
,,no benefit
,,no benefit
,,no benefit
,,no benefit
,,no benefit
,,no benefit
,,no benefit
,,no benefit
,,no benefit
,,no benefit
,,no benefit
,,no benefit
,,no benefit
,,no benefit
,,no benefit
,,no benefit
,,no benefit
,,no benefit
,,no benefit
,,no benefit
,,no benefit
,,no benefit
,,no benefit
,,no benefit
,,no benefit
,,no benefit
,,no benefit
550585.0,42.0,benefit
,,no benefit
,,no benefit
,,no benefit
,,no benefit
,,no benefit
,,no benefit
,,no benefit
,,no benefit
,,no benefit
,,no benefit
,,no benefit
,,no benefit
,,no benefit
,,no benefit
,,no benefit
,,no benefit
,,no benefit
,,no benefit
,,no benefit
,,no benefit
,,no benefit
,,no benefit
,,no benefit
,,no benefit
,,no benefit
,,no benefit
,,no benefit
,,no benefit
,,no benefit
,,no benefit
,,no benefit
,,no benefit
,,no benefit
,,no benefit
,,no benefit
,,no benefit
,,no benefit
534917.0,131.0,benefit
,,no benefit
,,no benefit
534342.0,-71.0,no benefit
,,no benefit
,,no benefit
,,no benefit
,,no benefit
,,no benefit
,,no benefit
,,no benefit
,,no benefit
,,no benefit
,,no benefit
,,no benefit
,,no benefit
,,no benefit
545232.0,63.0,benefit
,,no benefit
,,no benefit
,,no benefit
,,no benefit
,,no benefit
,,no benefit
,,no benefit
,,no benefit
,,no benefit
,,no benefit
,,no benefit
,,no benefit
,,no benefit
,,no benefit
,,no benefit
,,no benefit
,,no benefit
,,no benefit
,,no benefit
,,no benefit
,,no benefit
,,no benefit
,,no benefit
,,no benefit
,,no benefit
,,no benefit
,,no benefit
,,no benefit
,,no benefit
,,no benefit
,,no benefit
,,no benefit
,,no benefit
,,no benefit
,,no benefit
550313.0,-26.0,no benefit
,,no benefit
,,no benefit
,,no benefit
535637.0,21.0,benefit
537176.0,-50.0,no benefit
,,no benefit
,,no benefit
,,no benefit
,,no benefit
,,no benefit
,,no benefit
,,no benefit
,,no benefit
521664.0,-35.0,no benefit
,,no benefit
,,no benefit
,,no benefit
,,no benefit
,,no benefit
,,no benefit
,,no benefit
,,no benefit
,,no benefit
,,no benefit
,,no benefit
,,no benefit
,,no benefit
,,no benefit
,,no benefit
,,no benefit
540751.0,204.0,benefit
,,no benefit
,,no benefit
,,no benefit
,,no benefit
,,no benefit
,,no benefit
,,no benefit
,,no benefit
,,no benefit
,,no benefit
,,no benefit
,,no benefit
,,no benefit
,,no benefit
,,no benefit
,,no benefit
,,no benefit
,,no benefit
,,no benefit
,,no benefit
,,no benefit
,,no benefit
,,no benefit
,,no benefit
,,no benefit
,,no benefit
,,no benefit
,,no benefit
,,no benefit
,,no benefit
,,no benefit
571991.0,-14.0,no benefit
,,no benefit
,,no benefit
,,no benefit
,,no benefit
,,no benefit
,,no benefit
,,no benefit
,,no benefit
571606.0,-600.0,no benefit
,,no benefit
,,no benefit
,,no benefit
,,no benefit
,,no benefit
,,no benefit
,,no benefit
,,no benefit
,,no benefit
,,no benefit
,,no benefit
,,no benefit
,,no benefit
,,no benefit
,,no benefit
,,no benefit
,,no benefit
,,no benefit
,,no benefit
,,no benefit
,,no benefit
,,no benefit
546278.0,-54.0,no benefit
,,no benefit
,,no benefit
,,no benefit
,,no benefit
,,no benefit
,,no benefit
,,no benefit
,,no benefit
,,no benefit
,,no benefit
,,no benefit
,,no benefit
,,no benefit
,,no benefit
,,no benefit
,,no benefit
,,no benefit
,,no benefit
,,no benefit
,,no benefit
,,no benefit
,,no benefit
,,no benefit
,,no benefit
,,no benefit
,,no benefit
,,no benefit
,,no benefit
,,no benefit
,,no benefit
,,no benefit
,,no benefit
,,no benefit
523230.0,83.0,benefit
,,no benefit
,,no benefit
,,no benefit
,,no benefit
,,no benefit
,,no benefit
,,no benefit
,,no benefit
,,no benefit
,,no benefit
517515.0,33.0,benefit
,,no benefit
,,no benefit
,,no benefit
,,no benefit
,,no benefit
,,no benefit
,,no benefit
,,no benefit
,,no benefit
,,no benefit
,,no benefit
,,no benefit
,,no benefit
,,no benefit
,,no benefit
,,no benefit
535939.0,-151.0,no benefit
,,no benefit
,,no benefit
,,no benefit
,,no benefit
,,no benefit
,,no benefit
,,no benefit
,,no benefit
,,no benefit
,,no benefit
,,no benefit
,,no benefit
534021.0,-57.0,no benefit
,,no benefit
,,no benefit
,,no benefit
,,no benefit
,,no benefit
,,no benefit
,,no benefit
542179.0,-376.0,no benefit
,,no benefit
,,no benefit
,,no benefit
,,no benefit
,,no benefit
,,no benefit
540453.0,39.0,benefit
,,no benefit
,,no benefit
,,no benefit
,,no benefit
,,no benefit
,,no benefit
514673.0,-52.0,no benefit
,,no benefit
,,no benefit
,,no benefit
,,no benefit
,,no benefit
,,no benefit
,,no benefit
,,no benefit
,,no benefit
,,no benefit
540939.0,-17.0,no benefit
,,no benefit
539042.0,1500.0,benefit
,,no benefit
,,no benefit
,,no benefit
,,no benefit
,,no benefit
,,no benefit
538875.0,-875.0,no benefit
,,no benefit
,,no benefit
,,no benefit
,,no benefit
,,no benefit
,,no benefit
,,no benefit
,,no benefit
,,no benefit
,,no benefit
,,no benefit
,,no benefit
,,no benefit
,,no benefit
,,no benefit
,,no benefit
,,no benefit
,,no benefit
,,no benefit
,,no benefit
,,no benefit
,,no benefit
,,no benefit
,,no benefit
,,no benefit
,,no benefit
,,no benefit
,,no benefit
,,no benefit
,,no benefit
,,no benefit
,,no benefit
,,no benefit
,,no benefit
,,no benefit
,,no benefit
,,no benefit
,,no benefit
,,no benefit
,,no benefit
,,no benefit
,,no benefit
,,no benefit
,,no benefit
,,no benefit
,,no benefit
,,no benefit
,,no benefit
,,no benefit
,,no benefit
,,no benefit
,,no benefit
,,no benefit
,,no benefit
,,no benefit
,,no benefit
,,no benefit
,,no benefit
,,no benefit
,,no benefit
,,no benefit
,,no benefit
,,no benefit
540254.0,75.0,benefit
,,no benefit
547571.0,155.0,benefit
,,no benefit
,,no benefit
,,no benefit
,,no benefit
,,no benefit
,,no benefit
,,no benefit
,,no benefit
,,no benefit
,,no benefit
,,no benefit
,,no benefit
,,no benefit
,,no benefit
,,no benefit
,,no benefit
,,no benefit
,,no benefit
,,no benefit
,,no benefit
,,no benefit
558560.0,-775.0,no benefit
,,no benefit
,,no benefit
,,no benefit
,,no benefit
,,no benefit
,,no benefit
,,no benefit
,,no benefit
,,no benefit
,,no benefit
,,no benefit
,,no benefit
,,no benefit
,,no benefit
,,no benefit
,,no benefit
,,no benefit
,,no benefit
,,no benefit
,,no benefit
,,no benefit
,,no benefit
,,no benefit
,,no benefit
,,no benefit
,,no benefit
,,no benefit
,,no benefit
,,no benefit
,,no benefit
,,no benefit
,,no benefit
,,no benefit
,,no benefit
,,no benefit
,,no benefit
,,no benefit
,,no benefit
,,no benefit
,,no benefit
,,no benefit
540902.0,-190.0,no benefit
,,no benefit
,,no benefit
,,no benefit
,,no benefit
,,no benefit
,,no benefit
,,no benefit
,,no benefit
,,no benefit
,,no benefit
534944.0,-2.0,no benefit
,,no benefit
,,no benefit
,,no benefit
,,no benefit
,,no benefit
522854.0,58.0,benefit
545863.0,-1095.0,no benefit
,,no benefit
,,no benefit
,,no benefit
,,no benefit
,,no benefit
,,no benefit
563963.0,84.0,benefit
,,no benefit
,,no benefit
,,no benefit
,,no benefit
,,no benefit
,,no benefit
530797.0,28.0,benefit
,,no benefit
,,no benefit
,,no benefit
,,no benefit
,,no benefit
,,no benefit
,,no benefit
,,no benefit
,,no benefit
,,no benefit
,,no benefit
,,no benefit
,,no benefit
,,no benefit
,,no benefit
,,no benefit
,,no benefit
,,no benefit
,,no benefit
,,no benefit
,,no benefit
,,no benefit
,,no benefit
,,no benefit
,,no benefit
,,no benefit
,,no benefit
,,no benefit
,,no benefit
,,no benefit
,,no benefit
,,no benefit
,,no benefit
,,no benefit
,,no benefit
,,no benefit
,,no benefit
,,no benefit
534311.0,320.0,benefit
549631.0,-83.0,no benefit
,,no benefit
,,no benefit
,,no benefit
,,no benefit
,,no benefit
,,no benefit
,,no benefit
,,no benefit
,,no benefit
,,no benefit
,,no benefit
545931.0,-71.0,no benefit
,,no benefit
,,no benefit
,,no benefit
,,no benefit
,,no benefit
,,no benefit
,,no benefit
,,no benefit
,,no benefit
,,no benefit
,,no benefit
,,no benefit
,,no benefit
,,no benefit
,,no benefit
,,no benefit
,,no benefit
,,no benefit
,,no benefit
,,no benefit
,,no benefit
,,no benefit
,,no benefit
,,no benefit
,,no benefit
,,no benefit
,,no benefit
,,no benefit
,,no benefit
,,no benefit
,,no benefit
,,no benefit
,,no benefit
,,no benefit
,,no benefit
,,no benefit
,,no benefit
,,no benefit
,,no benefit
,,no benefit
544217.0,53.0,benefit
,,no benefit
535528.0,39.0,benefit
,,no benefit
,,no benefit
,,no benefit
,,no benefit
,,no benefit
,,no benefit
,,no benefit
,,no benefit
,,no benefit
,,no benefit
,,no benefit
,,no benefit
,,no benefit
,,no benefit
,,no benefit
,,no benefit
,,no benefit
,,no benefit
,,no benefit
,,no benefit
,,no benefit
,,no benefit
,,no benefit
,,no benefit
,,no benefit
,,no benefit
,,no benefit
,,no benefit
,,no benefit
,,no benefit
,,no benefit
,,no benefit
,,no benefit
,,no benefit
,,no benefit
,,no benefit
,,no benefit
,,no benefit
,,no benefit
,,no benefit
,,no benefit
,,no benefit
,,no benefit
,,no benefit
,,no benefit
,,no benefit
,,no benefit
567818.0,-986.0,no benefit
,,no benefit
,,no benefit
,,no benefit
,,no benefit
543535.0,-312.0,no benefit
,,no benefit
,,no benefit
,,no benefit
,,no benefit
,,no benefit
,,no benefit
,,no benefit
,,no benefit
,,no benefit
,,no benefit
,,no benefit
,,no benefit
,,no benefit
,,no benefit
,,no benefit
,,no benefit
,,no benefit
,,no benefit
,,no benefit
,,no benefit
,,no benefit
,,no benefit
,,no benefit
,,no benefit
,,no benefit
,,no benefit
,,no benefit
,,no benefit
555818.0,17.0,benefit
,,no benefit
,,no benefit
,,no benefit
,,no benefit
,,no benefit
,,no benefit
,,no benefit
,,no benefit
557954.0,25.0,benefit
,,no benefit
,,no benefit
,,no benefit
,,no benefit
,,no benefit
,,no benefit
,,no benefit
,,no benefit
,,no benefit
,,no benefit
,,no benefit
,,no benefit
,,no benefit
,,no benefit
,,no benefit
,,no benefit
,,no benefit
,,no benefit
,,no benefit
,,no benefit
539582.0,98.0,benefit
,,no benefit
,,no benefit
,,no benefit
,,no benefit
,,no benefit
541841.0,40.0,benefit
,,no benefit
,,no benefit
,,no benefit
,,no benefit
,,no benefit
,,no benefit
,,no benefit
,,no benefit
,,no benefit
,,no benefit
,,no benefit
,,no benefit
,,no benefit
,,no benefit
,,no benefit
,,no benefit
,,no benefit
,,no benefit
,,no benefit
,,no benefit
,,no benefit
,,no benefit
,,no benefit
,,no benefit
,,no benefit
,,no benefit
,,no benefit
,,no benefit
,,no benefit
,,no benefit
,,no benefit
,,no benefit
,,no benefit
,,no benefit
,,no benefit
,,no benefit
550970.0,596.0,benefit
,,no benefit
,,no benefit
,,no benefit
,,no benefit
,,no benefit
,,no benefit
,,no benefit
,,no benefit
,,no benefit
,,no benefit
,,no benefit
,,no benefit
,,no benefit
,,no benefit
,,no benefit
,,no benefit
,,no benefit
,,no benefit
,,no benefit
544688.0,334.0,benefit
,,no benefit
,,no benefit
,,no benefit
,,no benefit
,,no benefit
,,no benefit
,,no benefit
,,no benefit
,,no benefit
,,no benefit
,,no benefit
,,no benefit
,,no benefit
,,no benefit
,,no benefit
,,no benefit
,,no benefit
,,no benefit
,,no benefit
,,no benefit
,,no benefit
,,no benefit
,,no benefit
,,no benefit
,,no benefit
,,no benefit
,,no benefit
,,no benefit
,,no benefit
538013.0,-37.0,no benefit
,,no benefit
,,no benefit
,,no benefit
,,no benefit
,,no benefit
,,no benefit
,,no benefit
,,no benefit
,,no benefit
,,no benefit
536619.0,6.0,benefit
,,no benefit
,,no benefit
,,no benefit
,,no benefit
,,no benefit
540562.0,-594.0,no benefit
,,no benefit
,,no benefit
,,no benefit
,,no benefit
,,no benefit
,,no benefit
,,no benefit
538975.0,-67.0,no benefit
,,no benefit
,,no benefit
,,no benefit
,,no benefit
,,no benefit
,,no benefit
,,no benefit
,,no benefit
539166.0,-184.0,no benefit
,,no benefit
,,no benefit
,,no benefit
536981.0,5.0,benefit
,,no benefit
,,no benefit
,,no benefit
,,no benefit
,,no benefit
,,no benefit
,,no benefit
,,no benefit
,,no benefit
,,no benefit
,,no benefit
,,no benefit
,,no benefit
,,no benefit
,,no benefit
,,no benefit
,,no benefit
532257.0,-157.0,no benefit
,,no benefit
,,no benefit
,,no benefit
,,no benefit
,,no benefit
,,no benefit
,,no benefit
,,no benefit
,,no benefit
,,no benefit
,,no benefit
,,no benefit
534242.0,12.0,benefit
,,no benefit
,,no benefit
,,no benefit
,,no benefit
,,no benefit
,,no benefit
,,no benefit
,,no benefit
,,no benefit
,,no benefit
,,no benefit
,,no benefit
,,no benefit
,,no benefit
,,no benefit
,,no benefit
,,no benefit
,,no benefit
,,no benefit
,,no benefit
,,no benefit
539551.0,-1.0,no benefit
,,no benefit
,,no benefit
,,no benefit
,,no benefit
,,no benefit
,,no benefit
,,no benefit
,,no benefit
,,no benefit
,,no benefit
,,no benefit
,,no benefit
,,no benefit
,,no benefit
,,no benefit
,,no benefit
,,no benefit
,,no benefit
547204.0,7.0,benefit
,,no benefit
,,no benefit
,,no benefit
,,no benefit
,,no benefit
,,no benefit
,,no benefit
,,no benefit
,,no benefit
,,no benefit
,,no benefit
,,no benefit
,,no benefit
,,no benefit
,,no benefit
,,no benefit
,,no benefit
,,no benefit
,,no benefit
,,no benefit
,,no benefit
,,no benefit
,,no benefit
,,no benefit
,,no benefit
,,no benefit
,,no benefit
547543.0,-16.0,no benefit
,,no benefit
,,no benefit
,,no benefit
,,no benefit
,,no benefit
,,no benefit
,,no benefit
,,no benefit
,,no benefit
,,no benefit
,,no benefit
,,no benefit
,,no benefit
,,no benefit
,,no benefit
,,no benefit
,,no benefit
,,no benefit
,,no benefit
,,no benefit
,,no benefit
,,no benefit
,,no benefit
,,no benefit
,,no benefit
,,no benefit
,,no benefit
,,no benefit
,,no benefit
,,no benefit
,,no benefit
,,no benefit
,,no benefit
,,no benefit
552184.0,-7.0,no benefit
,,no benefit
,,no benefit
,,no benefit
,,no benefit
,,no benefit
,,no benefit
,,no benefit
,,no benefit
,,no benefit
,,no benefit
,,no benefit
,,no benefit
,,no benefit
,,no benefit
,,no benefit
535364.0,7.0,benefit
,,no benefit
551053.0,19.0,benefit
,,no benefit
,,no benefit
,,no benefit
535338.0,-16.0,no benefit
,,no benefit
,,no benefit
,,no benefit
,,no benefit
,,no benefit
,,no benefit
,,no benefit
,,no benefit
,,no benefit
,,no benefit
,,no benefit
,,no benefit
,,no benefit
,,no benefit
,,no benefit
,,no benefit
,,no benefit
,,no benefit
,,no benefit
,,no benefit
,,no benefit
,,no benefit
,,no benefit
520000.0,29.0,benefit
,,no benefit
,,no benefit
,,no benefit
,,no benefit
,,no benefit
,,no benefit
,,no benefit
,,no benefit
,,no benefit
,,no benefit
,,no benefit
,,no benefit
,,no benefit
538006.0,4.0,benefit
,,no benefit
,,no benefit
,,no benefit
,,no benefit
,,no benefit
,,no benefit
,,no benefit
,,no benefit
,,no benefit
,,no benefit
,,no benefit
,,no benefit
,,no benefit
,,no benefit
,,no benefit
,,no benefit
,,no benefit
,,no benefit
,,no benefit
,,no benefit
,,no benefit
,,no benefit
,,no benefit
,,no benefit
,,no benefit
,,no benefit
,,no benefit
,,no benefit
,,no benefit
,,no benefit
,,no benefit
,,no benefit
,,no benefit
,,no benefit
,,no benefit
,,no benefit
,,no benefit
,,no benefit
,,no benefit
,,no benefit
,,no benefit
,,no benefit
,,no benefit
,,no benefit
,,no benefit
,,no benefit
,,no benefit
,,no benefit
,,no benefit
,,no benefit
,,no benefit
532634.0,-275.0,no benefit
,,no benefit
,,no benefit
,,no benefit
,,no benefit
,,no benefit
,,no benefit
,,no benefit
,,no benefit
,,no benefit
,,no benefit
,,no benefit
,,no benefit
,,no benefit
,,no benefit
,,no benefit
,,no benefit
,,no benefit
,,no benefit
,,no benefit
538412.0,-17.0,no benefit
,,no benefit
,,no benefit
,,no benefit
,,no benefit
,,no benefit
,,no benefit
,,no benefit
,,no benefit
,,no benefit
,,no benefit
,,no benefit
,,no benefit
,,no benefit
,,no benefit
,,no benefit
,,no benefit
,,no benefit
,,no benefit
,,no benefit
,,no benefit
,,no benefit
,,no benefit
,,no benefit
,,no benefit
,,no benefit
,,no benefit
,,no benefit
,,no benefit
,,no benefit
,,no benefit
,,no benefit
,,no benefit
,,no benefit
,,no benefit
542111.0,-14.0,no benefit
,,no benefit
,,no benefit
,,no benefit
,,no benefit
529692.0,16.0,benefit
,,no benefit
,,no benefit
,,no benefit
,,no benefit
,,no benefit
,,no benefit
540804.0,34.0,benefit
,,no benefit
,,no benefit
,,no benefit
542866.0,-152.0,no benefit
,,no benefit
,,no benefit
,,no benefit
561402.0,-8.0,no benefit
,,no benefit
548637.0,-175.0,no benefit
,,no benefit
,,no benefit
,,no benefit
,,no benefit
,,no benefit
,,no benefit
,,no benefit
,,no benefit
,,no benefit
,,no benefit
543933.0,-32.0,no benefit
,,no benefit
,,no benefit
,,no benefit
,,no benefit
,,no benefit
,,no benefit
,,no benefit
,,no benefit
,,no benefit
,,no benefit
,,no benefit
,,no benefit
,,no benefit
,,no benefit
,,no benefit
,,no benefit
,,no benefit
,,no benefit
,,no benefit
561611.0,39.0,benefit
,,no benefit
,,no benefit
,,no benefit
,,no benefit
550645.0,249.0,benefit
,,no benefit
,,no benefit
,,no benefit
549114.0,-12.0,no benefit
,,no benefit
,,no benefit
,,no benefit
,,no benefit
,,no benefit
,,no benefit
546881.0,12.0,benefit
,,no benefit
,,no benefit
,,no benefit
,,no benefit
,,no benefit
,,no benefit
,,no benefit
,,no benefit
,,no benefit
,,no benefit
,,no benefit
,,no benefit
,,no benefit
551404.0,48.0,benefit
,,no benefit
547485.0,18.0,benefit
,,no benefit
,,no benefit
,,no benefit
,,no benefit
,,no benefit
,,no benefit
,,no benefit
,,no benefit
,,no benefit
,,no benefit
,,no benefit
,,no benefit
,,no benefit
,,no benefit
,,no benefit
,,no benefit
,,no benefit
,,no benefit
543328.0,-9.0,no benefit
,,no benefit
,,no benefit
,,no benefit
,,no benefit
552800.0,-74.0,no benefit
,,no benefit
,,no benefit
,,no benefit
,,no benefit
,,no benefit
,,no benefit
,,no benefit
,,no benefit
,,no benefit
,,no benefit
,,no benefit
,,no benefit
,,no benefit
,,no benefit
,,no benefit
543626.0,-148.0,no benefit
,,no benefit
,,no benefit
,,no benefit
,,no benefit
,,no benefit
,,no benefit
,,no benefit
553891.0,-27.0,no benefit
,,no benefit
,,no benefit
,,no benefit
,,no benefit
,,no benefit
,,no benefit
,,no benefit
,,no benefit
,,no benefit
,,no benefit
,,no benefit
547287.0,-84.0,no benefit
,,no benefit
,,no benefit
,,no benefit
,,no benefit
,,no benefit
,,no benefit
,,no benefit
,,no benefit
,,no benefit
,,no benefit
,,no benefit
,,no benefit
,,no benefit
,,no benefit
,,no benefit
,,no benefit
,,no benefit
,,no benefit
546641.0,-1005.0,no benefit
,,no benefit
,,no benefit
,,no benefit
,,no benefit
,,no benefit
,,no benefit
,,no benefit
,,no benefit
,,no benefit
,,no benefit
,,no benefit
548781.0,-118.0,no benefit
,,no benefit
,,no benefit
,,no benefit
,,no benefit
,,no benefit
,,no benefit
,,no benefit
,,no benefit
,,no benefit
,,no benefit
,,no benefit
,,no benefit
,,no benefit
,,no benefit
,,no benefit
,,no benefit
,,no benefit
,,no benefit
,,no benefit
,,no benefit
532574.0,-11.0,no benefit
534486.0,-99.0,no benefit
,,no benefit
,,no benefit
,,no benefit
,,no benefit
,,no benefit
,,no benefit
555893.0,-49.0,no benefit
,,no benefit
,,no benefit
,,no benefit
,,no benefit
,,no benefit
,,no benefit
,,no benefit
,,no benefit
,,no benefit
,,no benefit
,,no benefit
,,no benefit
,,no benefit
,,no benefit
,,no benefit
,,no benefit
,,no benefit
,,no benefit
,,no benefit
,,no benefit
,,no benefit
,,no benefit
,,no benefit
,,no benefit
,,no benefit
,,no benefit
,,no benefit
,,no benefit
,,no benefit
,,no benefit
,,no benefit
,,no benefit
,,no benefit
,,no benefit
,,no benefit
,,no benefit
,,no benefit
,,no benefit
,,no benefit
,,no benefit
,,no benefit
,,no benefit
,,no benefit
,,no benefit
,,no benefit
,,no benefit
,,no benefit
,,no benefit
,,no benefit
,,no benefit
,,no benefit
,,no benefit
,,no benefit
,,no benefit
,,no benefit
,,no benefit
,,no benefit
,,no benefit
,,no benefit
,,no benefit
,,no benefit
,,no benefit
,,no benefit
,,no benefit
,,no benefit
,,no benefit
,,no benefit
,,no benefit
,,no benefit
,,no benefit
,,no benefit
,,no benefit
,,no benefit
,,no benefit
,,no benefit
,,no benefit
,,no benefit
,,no benefit
,,no benefit
,,no benefit
,,no benefit
,,no benefit
539987.0,76.0,benefit
,,no benefit
,,no benefit
,,no benefit
,,no benefit
,,no benefit
,,no benefit
,,no benefit
540030.0,59.0,benefit
,,no benefit
,,no benefit
,,no benefit
,,no benefit
,,no benefit
,,no benefit
,,no benefit
,,no benefit
,,no benefit
,,no benefit
,,no benefit
,,no benefit
541529.0,17.0,benefit
,,no benefit
,,no benefit
,,no benefit
,,no benefit
,,no benefit
,,no benefit
,,no benefit
,,no benefit
,,no benefit
,,no benefit
,,no benefit
,,no benefit
557295.0,29.0,benefit
,,no benefit
,,no benefit
,,no benefit
,,no benefit
,,no benefit
531562.0,-129.0,no benefit
,,no benefit
540016.0,16.0,benefit
,,no benefit
,,no benefit
,,no benefit
,,no benefit
,,no benefit
,,no benefit
,,no benefit
542993.0,39.0,benefit
,,no benefit
,,no benefit
,,no benefit
552820.0,-4.0,no benefit
,,no benefit
,,no benefit
519135.0,69.0,benefit
,,no benefit
,,no benefit
,,no benefit
,,no benefit
,,no benefit
,,no benefit
,,no benefit
,,no benefit
,,no benefit
,,no benefit
,,no benefit
,,no benefit
,,no benefit
,,no benefit
,,no benefit
,,no benefit
,,no benefit
,,no benefit
,,no benefit
551957.0,3.0,benefit
551492.0,-17.0,no benefit
,,no benefit
,,no benefit
,,no benefit
,,no benefit
,,no benefit
,,no benefit
557381.0,14.0,benefit
,,no benefit
,,no benefit
,,no benefit
,,no benefit
544602.0,42.0,benefit
,,no benefit
551183.0,19.0,benefit
,,no benefit
,,no benefit
,,no benefit
,,no benefit
,,no benefit
,,no benefit
,,no benefit
,,no benefit
,,no benefit
,,no benefit
,,no benefit
,,no benefit
,,no benefit
,,no benefit
,,no benefit
,,no benefit
,,no benefit
,,no benefit
,,no benefit
,,no benefit
,,no benefit
,,no benefit
,,no benefit
,,no benefit
537659.0,-4.0,no benefit
,,no benefit
,,no benefit
,,no benefit
,,no benefit
,,no benefit
,,no benefit
521343.0,86.0,benefit
,,no benefit
,,no benefit
,,no benefit
,,no benefit
,,no benefit
,,no benefit
,,no benefit
,,no benefit
,,no benefit
,,no benefit
,,no benefit
,,no benefit
,,no benefit
509094.0,-26.0,no benefit
,,no benefit
,,no benefit
,,no benefit
,,no benefit
,,no benefit
540818.0,52.0,benefit
,,no benefit
,,no benefit
,,no benefit
,,no benefit
,,no benefit
,,no benefit
,,no benefit
,,no benefit
,,no benefit
,,no benefit
,,no benefit
,,no benefit
,,no benefit
,,no benefit
,,no benefit
,,no benefit
,,no benefit
,,no benefit
,,no benefit
,,no benefit
,,no benefit
,,no benefit
,,no benefit
,,no benefit
,,no benefit
,,no benefit
,,no benefit
,,no benefit
,,no benefit
,,no benefit
,,no benefit
,,no benefit
,,no benefit
,,no benefit
,,no benefit
,,no benefit
,,no benefit
,,no benefit
,,no benefit
,,no benefit
,,no benefit
,,no benefit
,,no benefit
,,no benefit
,,no benefit
,,no benefit
,,no benefit
,,no benefit
,,no benefit
,,no benefit
,,no benefit
,,no benefit
,,no benefit
,,no benefit
,,no benefit
,,no benefit
,,no benefit
,,no benefit
,,no benefit
,,no benefit
,,no benefit
,,no benefit
,,no benefit
,,no benefit
,,no benefit
,,no benefit
,,no benefit
,,no benefit
,,no benefit
,,no benefit
,,no benefit
,,no benefit
,,no benefit
,,no benefit
,,no benefit
,,no benefit
,,no benefit
,,no benefit
,,no benefit
,,no benefit
,,no benefit
,,no benefit
,,no benefit
,,no benefit
,,no benefit
,,no benefit
,,no benefit
,,no benefit
,,no benefit
,,no benefit
,,no benefit
,,no benefit
,,no benefit
,,no benefit
,,no benefit
,,no benefit
,,no benefit
,,no benefit
,,no benefit
,,no benefit
,,no benefit
,,no benefit
,,no benefit
,,no benefit
,,no benefit
,,no benefit
,,no benefit
,,no benefit
,,no benefit
,,no benefit
,,no benefit
,,no benefit
,,no benefit
,,no benefit
,,no benefit
,,no benefit
,,no benefit
,,no benefit
,,no benefit
,,no benefit
,,no benefit
,,no benefit
,,no benefit
,,no benefit
,,no benefit
,,no benefit
,,no benefit
,,no benefit
,,no benefit
,,no benefit
,,no benefit
,,no benefit
,,no benefit
,,no benefit
,,no benefit
,,no benefit
,,no benefit
,,no benefit
,,no benefit
,,no benefit
,,no benefit
,,no benefit
540747.0,-972.0,no benefit
,,no benefit
,,no benefit
,,no benefit
,,no benefit
,,no benefit
,,no benefit
,,no benefit
,,no benefit
,,no benefit
,,no benefit
,,no benefit
,,no benefit
,,no benefit
,,no benefit
,,no benefit
,,no benefit
,,no benefit
,,no benefit
,,no benefit
,,no benefit
,,no benefit
,,no benefit
,,no benefit
,,no benefit
,,no benefit
,,no benefit
,,no benefit
,,no benefit
,,no benefit
,,no benefit
,,no benefit
,,no benefit
,,no benefit
,,no benefit
,,no benefit
,,no benefit
,,no benefit
,,no benefit
,,no benefit
,,no benefit
,,no benefit
,,no benefit
,,no benefit
,,no benefit
,,no benefit
,,no benefit
,,no benefit
558817.0,-72.0,no benefit
,,no benefit
,,no benefit
,,no benefit
,,no benefit
,,no benefit
,,no benefit
,,no benefit
,,no benefit
,,no benefit
,,no benefit
,,no benefit
,,no benefit
,,no benefit
,,no benefit
555201.0,-26.0,no benefit
552358.0,-7.0,no benefit
,,no benefit
,,no benefit
,,no benefit
,,no benefit
,,no benefit
,,no benefit
,,no benefit
,,no benefit
,,no benefit
,,no benefit
,,no benefit
505628.0,-60.0,no benefit
,,no benefit
,,no benefit
,,no benefit
,,no benefit
,,no benefit
,,no benefit
,,no benefit
,,no benefit
,,no benefit
,,no benefit
,,no benefit
,,no benefit
,,no benefit
,,no benefit
,,no benefit
,,no benefit
,,no benefit
,,no benefit
,,no benefit
549019.0,32.0,benefit
,,no benefit
,,no benefit
,,no benefit
,,no benefit
,,no benefit
,,no benefit
,,no benefit
,,no benefit
,,no benefit
,,no benefit
,,no benefit
,,no benefit
,,no benefit
,,no benefit
,,no benefit
,,no benefit
,,no benefit
,,no benefit
,,no benefit
,,no benefit
,,no benefit
,,no benefit
,,no benefit
,,no benefit
,,no benefit
,,no benefit
542244.0,80.0,benefit
,,no benefit
,,no benefit
,,no benefit
,,no benefit
,,no benefit
,,no benefit
,,no benefit
,,no benefit
,,no benefit
534344.0,18.0,benefit
,,no benefit
,,no benefit
,,no benefit
,,no benefit
,,no benefit
,,no benefit
,,no benefit
,,no benefit
,,no benefit
,,no benefit
,,no benefit
,,no benefit
,,no benefit
,,no benefit
,,no benefit
,,no benefit
,,no benefit
,,no benefit
,,no benefit
,,no benefit
,,no benefit
,,no benefit
,,no benefit
,,no benefit
,,no benefit
,,no benefit
,,no benefit
,,no benefit
,,no benefit
,,no benefit
,,no benefit
,,no benefit
,,no benefit
,,no benefit
,,no benefit
,,no benefit
,,no benefit
,,no benefit
,,no benefit
,,no benefit
,,no benefit
,,no benefit
,,no benefit
,,no benefit
,,no benefit
,,no benefit
,,no benefit
,,no benefit
,,no benefit
539334.0,-55.0,no benefit
,,no benefit
542853.0,-78.0,no benefit
,,no benefit
539408.0,-6.0,no benefit
,,no benefit
,,no benefit
,,no benefit
,,no benefit
,,no benefit
,,no benefit
,,no benefit
,,no benefit
,,no benefit
,,no benefit
,,no benefit
,,no benefit
,,no benefit
,,no benefit
,,no benefit
,,no benefit
,,no benefit
,,no benefit
,,no benefit
,,no benefit
,,no benefit
,,no benefit
,,no benefit
,,no benefit
,,no benefit
,,no benefit
,,no benefit
,,no benefit
,,no benefit
,,no benefit
,,no benefit
,,no benefit
,,no benefit
,,no benefit
,,no benefit
,,no benefit
,,no benefit
,,no benefit
,,no benefit
,,no benefit
,,no benefit
535981.0,2.0,benefit
,,no benefit
,,no benefit
,,no benefit
,,no benefit
,,no benefit
,,no benefit
,,no benefit
541498.0,3.0,benefit
,,no benefit
,,no benefit
,,no benefit
,,no benefit
,,no benefit
,,no benefit
,,no benefit
,,no benefit
,,no benefit
,,no benefit
,,no benefit
,,no benefit
,,no benefit
546477.0,16.0,benefit
535991.0,-225.0,no benefit
,,no benefit
,,no benefit
,,no benefit
,,no benefit
,,no benefit
,,no benefit
542766.0,-8.0,no benefit
,,no benefit
,,no benefit
,,no benefit
,,no benefit
,,no benefit
,,no benefit
,,no benefit
523506.0,5.0,benefit
,,no benefit
,,no benefit
,,no benefit
,,no benefit
,,no benefit
,,no benefit
,,no benefit
,,no benefit
,,no benefit
,,no benefit
,,no benefit
542197.0,-12.0,no benefit
,,no benefit
,,no benefit
,,no benefit
,,no benefit
,,no benefit
,,no benefit
,,no benefit
,,no benefit
,,no benefit
,,no benefit
,,no benefit
,,no benefit
,,no benefit
,,no benefit
,,no benefit
,,no benefit
,,no benefit
,,no benefit
,,no benefit
,,no benefit
,,no benefit
,,no benefit
,,no benefit
,,no benefit
,,no benefit
,,no benefit
,,no benefit
,,no benefit
,,no benefit
,,no benefit
,,no benefit
,,no benefit
,,no benefit
,,no benefit
,,no benefit
,,no benefit
,,no benefit
537874.0,-31.0,no benefit
,,no benefit
,,no benefit
,,no benefit
,,no benefit
,,no benefit
,,no benefit
,,no benefit
,,no benefit
549493.0,283.0,benefit
,,no benefit
,,no benefit
,,no benefit
551198.0,48.0,benefit
,,no benefit
,,no benefit
555658.0,-89.0,no benefit
,,no benefit
,,no benefit
,,no benefit
,,no benefit
,,no benefit
,,no benefit
,,no benefit
,,no benefit
,,no benefit
,,no benefit
,,no benefit
,,no benefit
,,no benefit
525663.0,59.0,benefit
,,no benefit
,,no benefit
,,no benefit
,,no benefit
,,no benefit
,,no benefit
,,no benefit
,,no benefit
,,no benefit
,,no benefit
,,no benefit
,,no benefit
,,no benefit
,,no benefit
,,no benefit
,,no benefit
,,no benefit
,,no benefit
,,no benefit
546050.0,-778.0,no benefit
,,no benefit
,,no benefit
,,no benefit
,,no benefit
,,no benefit
548963.0,48.0,benefit
,,no benefit
,,no benefit
,,no benefit
,,no benefit
,,no benefit
565868.0,-19.0,no benefit
,,no benefit
,,no benefit
,,no benefit
,,no benefit
,,no benefit
,,no benefit
,,no benefit
,,no benefit
,,no benefit
540747.0,-972.0,no benefit
,,no benefit
,,no benefit
,,no benefit
,,no benefit
,,no benefit
,,no benefit
,,no benefit
,,no benefit
,,no benefit
,,no benefit
,,no benefit
,,no benefit
,,no benefit
,,no benefit
,,no benefit
,,no benefit
,,no benefit
,,no benefit
,,no benefit
,,no benefit
,,no benefit
,,no benefit
,,no benefit
,,no benefit
,,no benefit
,,no benefit
538099.0,65.0,benefit
,,no benefit
,,no benefit
,,no benefit
,,no benefit
,,no benefit
543606.0,18.0,benefit
,,no benefit
,,no benefit
,,no benefit
,,no benefit
,,no benefit
,,no benefit
,,no benefit
,,no benefit
,,no benefit
,,no benefit
,,no benefit
,,no benefit
,,no benefit
,,no benefit
,,no benefit
,,no benefit
,,no benefit
,,no benefit
,,no benefit
,,no benefit
,,no benefit
,,no benefit
,,no benefit
,,no benefit
,,no benefit
,,no benefit
,,no benefit
,,no benefit
,,no benefit
,,no benefit
553087.0,-87.0,no benefit
,,no benefit
,,no benefit
555637.0,-1.0,no benefit
,,no benefit
553108.0,11.0,benefit
,,no benefit
,,no benefit
,,no benefit
,,no benefit
,,no benefit
,,no benefit
,,no benefit
,,no benefit
,,no benefit
,,no benefit
,,no benefit
,,no benefit
,,no benefit
,,no benefit
,,no benefit
,,no benefit
,,no benefit
,,no benefit
,,no benefit
,,no benefit
,,no benefit
,,no benefit
,,no benefit
,,no benefit
,,no benefit
,,no benefit
540428.0,6.0,benefit
532216.0,1.0,benefit
,,no benefit
,,no benefit
,,no benefit
,,no benefit
,,no benefit
559416.0,7.0,benefit
,,no benefit
,,no benefit
,,no benefit
,,no benefit
,,no benefit
,,no benefit
,,no benefit
,,no benefit
556203.0,169.0,benefit
,,no benefit
,,no benefit
548898.0,47.0,benefit
552892.0,-48.0,no benefit
,,no benefit
,,no benefit
,,no benefit
,,no benefit
,,no benefit
,,no benefit
,,no benefit
,,no benefit
,,no benefit
,,no benefit
,,no benefit
,,no benefit
,,no benefit
,,no benefit
,,no benefit
,,no benefit
,,no benefit
,,no benefit
,,no benefit
,,no benefit
,,no benefit
,,no benefit
,,no benefit
,,no benefit
,,no benefit
,,no benefit
,,no benefit
,,no benefit
,,no benefit
558724.0,13.0,benefit
,,no benefit
556079.0,-1019.0,no benefit
,,no benefit
,,no benefit
,,no benefit
,,no benefit
,,no benefit
,,no benefit
,,no benefit
,,no benefit
,,no benefit
,,no benefit
,,no benefit
553198.0,252.0,benefit
,,no benefit
,,no benefit
,,no benefit
,,no benefit
,,no benefit
,,no benefit
,,no benefit
,,no benefit
,,no benefit
,,no benefit
,,no benefit
,,no benefit
,,no benefit
,,no benefit
548088.0,-111.0,no benefit
526468.0,-37.0,no benefit
,,no benefit
,,no benefit
,,no benefit
540436.0,119.0,benefit
,,no benefit
,,no benefit
534183.0,21.0,benefit
,,no benefit
,,no benefit
,,no benefit
,,no benefit
538253.0,11.0,benefit
,,no benefit
,,no benefit
,,no benefit
,,no benefit
,,no benefit
,,no benefit
,,no benefit
,,no benefit
,,no benefit
,,no benefit
,,no benefit
538120.0,-103.0,no benefit
,,no benefit
,,no benefit
,,no benefit
,,no benefit
,,no benefit
,,no benefit
,,no benefit
,,no benefit
,,no benefit
,,no benefit
557012.0,-29.0,no benefit
548778.0,-1.0,no benefit
,,no benefit
,,no benefit
,,no benefit
,,no benefit
,,no benefit
,,no benefit
,,no benefit
,,no benefit
,,no benefit
,,no benefit
,,no benefit
,,no benefit
,,no benefit
,,no benefit
,,no benefit
,,no benefit
,,no benefit
,,no benefit
,,no benefit
,,no benefit
,,no benefit
,,no benefit
,,no benefit
,,no benefit
,,no benefit
,,no benefit
,,no benefit
,,no benefit
,,no benefit
,,no benefit
,,no benefit
,,no benefit
,,no benefit
,,no benefit
,,no benefit
,,no benefit
538215.0,-26.0,no benefit
,,no benefit
,,no benefit
,,no benefit
,,no benefit
,,no benefit
,,no benefit
,,no benefit
,,no benefit
,,no benefit
,,no benefit
,,no benefit
,,no benefit
,,no benefit
,,no benefit
,,no benefit
,,no benefit
,,no benefit
,,no benefit
,,no benefit
,,no benefit
,,no benefit
,,no benefit
,,no benefit
,,no benefit
,,no benefit
,,no benefit
,,no benefit
,,no benefit
,,no benefit
,,no benefit
,,no benefit
,,no benefit
,,no benefit
,,no benefit
,,no benefit
,,no benefit
,,no benefit
,,no benefit
,,no benefit
,,no benefit
538870.0,-30.0,no benefit
,,no benefit
,,no benefit
,,no benefit
,,no benefit
,,no benefit
,,no benefit
532031.0,62.0,benefit
,,no benefit
,,no benefit
,,no benefit
,,no benefit
541454.0,254.0,benefit
,,no benefit
,,no benefit
,,no benefit
,,no benefit
,,no benefit
,,no benefit
,,no benefit
,,no benefit
,,no benefit
,,no benefit
,,no benefit
,,no benefit
,,no benefit
,,no benefit
,,no benefit
,,no benefit
,,no benefit
,,no benefit
,,no benefit
,,no benefit
,,no benefit
,,no benefit
,,no benefit
,,no benefit
,,no benefit
,,no benefit
,,no benefit
,,no benefit
,,no benefit
,,no benefit
,,no benefit
534917.0,131.0,benefit
,,no benefit
540159.0,-204.0,no benefit
,,no benefit
,,no benefit
,,no benefit
,,no benefit
,,no benefit
,,no benefit
,,no benefit
,,no benefit
,,no benefit
513950.0,-2.0,no benefit
,,no benefit
,,no benefit
,,no benefit
,,no benefit
,,no benefit
,,no benefit
,,no benefit
,,no benefit
,,no benefit
,,no benefit
,,no benefit
,,no benefit
526192.0,10.0,benefit
,,no benefit
511557.0,-4.0,no benefit
,,no benefit
,,no benefit
,,no benefit
,,no benefit
,,no benefit
,,no benefit
,,no benefit
,,no benefit
,,no benefit
,,no benefit
,,no benefit
,,no benefit
,,no benefit
,,no benefit
,,no benefit
,,no benefit
,,no benefit
,,no benefit
556375.0,9.0,benefit
,,no benefit
,,no benefit
,,no benefit
,,no benefit
,,no benefit
,,no benefit
,,no benefit
,,no benefit
534169.0,25.0,benefit
,,no benefit
,,no benefit
,,no benefit
,,no benefit
,,no benefit
540811.0,-30.0,no benefit
545117.0,-118.0,no benefit
,,no benefit
,,no benefit
,,no benefit
,,no benefit
,,no benefit
,,no benefit
,,no benefit
,,no benefit
,,no benefit
,,no benefit
,,no benefit
,,no benefit
,,no benefit
,,no benefit
,,no benefit
,,no benefit
,,no benefit
,,no benefit
,,no benefit
,,no benefit
,,no benefit
,,no benefit
,,no benefit
,,no benefit
554407.0,76.0,benefit
,,no benefit
,,no benefit
,,no benefit
,,no benefit
553244.0,-880.0,no benefit
,,no benefit
,,no benefit
,,no benefit
,,no benefit
,,no benefit
,,no benefit
,,no benefit
,,no benefit
,,no benefit
,,no benefit
,,no benefit
,,no benefit
,,no benefit
,,no benefit
560285.0,-169.0,no benefit
,,no benefit
,,no benefit
,,no benefit
,,no benefit
,,no benefit
,,no benefit
,,no benefit
,,no benefit
,,no benefit
,,no benefit
,,no benefit
,,no benefit
,,no benefit
,,no benefit
,,no benefit
,,no benefit
,,no benefit
554879.0,14.0,benefit
,,no benefit
,,no benefit
,,no benefit
559898.0,-8.0,no benefit
554129.0,1.0,benefit
,,no benefit
549612.0,2.0,benefit
,,no benefit
,,no benefit
,,no benefit
,,no benefit
,,no benefit
,,no benefit
,,no benefit
,,no benefit
,,no benefit
,,no benefit
,,no benefit
,,no benefit
,,no benefit
,,no benefit
,,no benefit
,,no benefit
,,no benefit
,,no benefit
,,no benefit
,,no benefit
,,no benefit
,,no benefit
,,no benefit
,,no benefit
,,no benefit
,,no benefit
,,no benefit
,,no benefit
,,no benefit
,,no benefit
,,no benefit
,,no benefit
,,no benefit
,,no benefit
,,no benefit
,,no benefit
,,no benefit
,,no benefit
,,no benefit
,,no benefit
,,no benefit
553002.0,9.0,benefit
,,no benefit
,,no benefit
,,no benefit
,,no benefit
,,no benefit
,,no benefit
564963.0,180.0,benefit
,,no benefit
,,no benefit
,,no benefit
,,no benefit
,,no benefit
,,no benefit
,,no benefit
,,no benefit
,,no benefit
,,no benefit
,,no benefit
,,no benefit
,,no benefit
,,no benefit
,,no benefit
,,no benefit
,,no benefit
,,no benefit
,,no benefit
545760.0,-25.0,no benefit
,,no benefit
,,no benefit
,,no benefit
,,no benefit
,,no benefit
,,no benefit
,,no benefit
,,no benefit
,,no benefit
,,no benefit
,,no benefit
,,no benefit
,,no benefit
,,no benefit
,,no benefit
,,no benefit
,,no benefit
,,no benefit
,,no benefit
,,no benefit
,,no benefit
,,no benefit
,,no benefit
,,no benefit
,,no benefit
,,no benefit
,,no benefit
,,no benefit
,,no benefit
,,no benefit
,,no benefit
,,no benefit
,,no benefit
,,no benefit
,,no benefit
,,no benefit
,,no benefit
556710.0,70.0,benefit
,,no benefit
,,no benefit
558934.0,-102.0,no benefit
,,no benefit
,,no benefit
,,no benefit
,,no benefit
,,no benefit
,,no benefit
,,no benefit
,,no benefit
559579.0,8.0,benefit
560740.0,17.0,benefit
,,no benefit
,,no benefit
,,no benefit
,,no benefit
,,no benefit
,,no benefit
561032.0,-1.0,no benefit
,,no benefit
,,no benefit
,,no benefit
,,no benefit
,,no benefit
,,no benefit
,,no benefit
,,no benefit
,,no benefit
,,no benefit
,,no benefit
543796.0,17.0,benefit
542971.0,-26.0,no benefit
,,no benefit
,,no benefit
,,no benefit
538603.0,169.0,benefit
,,no benefit
,,no benefit
,,no benefit
547975.0,27.0,benefit
,,no benefit
,,no benefit
,,no benefit
551209.0,-15.0,no benefit
549767.0,-222.0,no benefit
,,no benefit
,,no benefit
,,no benefit
,,no benefit
,,no benefit
,,no benefit
,,no benefit
,,no benefit
,,no benefit
,,no benefit
,,no benefit
,,no benefit
,,no benefit
,,no benefit
,,no benefit
,,no benefit
,,no benefit
,,no benefit
542843.0,-231.0,no benefit
,,no benefit
,,no benefit
,,no benefit
537078.0,22.0,benefit
,,no benefit
,,no benefit
,,no benefit
,,no benefit
,,no benefit
,,no benefit
,,no benefit
,,no benefit
,,no benefit
,,no benefit
,,no benefit
,,no benefit
,,no benefit
551633.0,58.0,benefit
,,no benefit
,,no benefit
,,no benefit
,,no benefit
,,no benefit
,,no benefit
,,no benefit
,,no benefit
,,no benefit
,,no benefit
,,no benefit
,,no benefit
,,no benefit
,,no benefit
,,no benefit
,,no benefit
,,no benefit
,,no benefit
,,no benefit
,,no benefit
534370.0,-69.0,no benefit
,,no benefit
,,no benefit
,,no benefit
,,no benefit
,,no benefit
,,no benefit
526537.0,747.0,benefit
,,no benefit
,,no benefit
,,no benefit
536646.0,88.0,benefit
,,no benefit
,,no benefit
,,no benefit
,,no benefit
,,no benefit
,,no benefit
,,no benefit
,,no benefit
,,no benefit
,,no benefit
,,no benefit
,,no benefit
,,no benefit
,,no benefit
,,no benefit
541691.0,5.0,benefit
,,no benefit
,,no benefit
,,no benefit
,,no benefit
,,no benefit
,,no benefit
,,no benefit
,,no benefit
,,no benefit
563652.0,-22.0,no benefit
,,no benefit
,,no benefit
,,no benefit
,,no benefit
,,no benefit
,,no benefit
,,no benefit
,,no benefit
,,no benefit
,,no benefit
,,no benefit
,,no benefit
,,no benefit
,,no benefit
,,no benefit
540875.0,-12.0,no benefit
,,no benefit
,,no benefit
,,no benefit
,,no benefit
,,no benefit
,,no benefit
,,no benefit
,,no benefit
,,no benefit
,,no benefit
,,no benefit
,,no benefit
,,no benefit
,,no benefit
,,no benefit
,,no benefit
,,no benefit
,,no benefit
,,no benefit
,,no benefit
,,no benefit
,,no benefit
,,no benefit
,,no benefit
,,no benefit
,,no benefit
,,no benefit
,,no benefit
,,no benefit
,,no benefit
,,no benefit
,,no benefit
,,no benefit
,,no benefit
,,no benefit
,,no benefit
,,no benefit
,,no benefit
,,no benefit
,,no benefit
552753.0,-43.0,no benefit
,,no benefit
,,no benefit
,,no benefit
,,no benefit
,,no benefit
,,no benefit
,,no benefit
,,no benefit
,,no benefit
,,no benefit
,,no benefit
,,no benefit
,,no benefit
,,no benefit
,,no benefit
,,no benefit
566613.0,10.0,benefit
,,no benefit
,,no benefit
546242.0,2.0,benefit
546640.0,-44.0,no benefit
,,no benefit
,,no benefit
,,no benefit
,,no benefit
551850.0,26.0,benefit
,,no benefit
,,no benefit
,,no benefit
554745.0,-32.0,no benefit
,,no benefit
,,no benefit
,,no benefit
,,no benefit
,,no benefit
,,no benefit
,,no benefit
,,no benefit
,,no benefit
,,no benefit
,,no benefit
,,no benefit
537504.0,-43.0,no benefit
,,no benefit
,,no benefit
,,no benefit
,,no benefit
,,no benefit
,,no benefit
,,no benefit
,,no benefit
541444.0,901.0,benefit
,,no benefit
535349.0,-37.0,no benefit
526733.0,-94.0,no benefit
,,no benefit
,,no benefit
,,no benefit
,,no benefit
,,no benefit
,,no benefit
,,no benefit
,,no benefit
,,no benefit
542935.0,16.0,benefit
,,no benefit
,,no benefit
,,no benefit
,,no benefit
529569.0,242.0,benefit
538954.0,-914.0,no benefit
540181.0,28.0,benefit
,,no benefit
536387.0,5.0,benefit
,,no benefit
,,no benefit
,,no benefit
,,no benefit
,,no benefit
,,no benefit
,,no benefit
,,no benefit
,,no benefit
,,no benefit
,,no benefit
544670.0,-27.0,no benefit
,,no benefit
,,no benefit
,,no benefit
,,no benefit
,,no benefit
,,no benefit
,,no benefit
,,no benefit
,,no benefit
,,no benefit
545025.0,415.0,benefit
,,no benefit
,,no benefit
,,no benefit
,,no benefit
,,no benefit
,,no benefit
,,no benefit
,,no benefit
,,no benefit
,,no benefit
,,no benefit
,,no benefit
,,no benefit
,,no benefit
,,no benefit
,,no benefit
,,no benefit
,,no benefit
,,no benefit
543359.0,594.0,benefit
,,no benefit
,,no benefit
546980.0,11.0,benefit
,,no benefit
,,no benefit
,,no benefit
,,no benefit
,,no benefit
,,no benefit
,,no benefit
,,no benefit
,,no benefit
,,no benefit
,,no benefit
,,no benefit
,,no benefit
,,no benefit
,,no benefit
,,no benefit
,,no benefit
,,no benefit
,,no benefit
,,no benefit
,,no benefit
,,no benefit
,,no benefit
,,no benefit
,,no benefit
,,no benefit
555622.0,-154.0,no benefit
,,no benefit
,,no benefit
,,no benefit
,,no benefit
564208.0,90.0,benefit
,,no benefit
,,no benefit
,,no benefit
,,no benefit
,,no benefit
,,no benefit
,,no benefit
,,no benefit
,,no benefit
,,no benefit
,,no benefit
,,no benefit
,,no benefit
,,no benefit
,,no benefit
,,no benefit
,,no benefit
,,no benefit
,,no benefit
,,no benefit
,,no benefit
,,no benefit
,,no benefit
,,no benefit
,,no benefit
,,no benefit
564616.0,-113.0,no benefit
,,no benefit
,,no benefit
564845.0,-61.0,no benefit
566705.0,-17.0,no benefit
,,no benefit
,,no benefit
,,no benefit
,,no benefit
,,no benefit
,,no benefit
,,no benefit
,,no benefit
,,no benefit
,,no benefit
,,no benefit
,,no benefit
,,no benefit
,,no benefit
,,no benefit
,,no benefit
,,no benefit
,,no benefit
,,no benefit
,,no benefit
,,no benefit
,,no benefit
,,no benefit
,,no benefit
,,no benefit
,,no benefit
,,no benefit
,,no benefit
,,no benefit
,,no benefit
,,no benefit
,,no benefit
,,no benefit
,,no benefit
,,no benefit
,,no benefit
,,no benefit
,,no benefit
,,no benefit
,,no benefit
,,no benefit
,,no benefit
,,no benefit
,,no benefit
,,no benefit
,,no benefit
,,no benefit
,,no benefit
562848.0,-63.0,no benefit
,,no benefit
,,no benefit
,,no benefit
,,no benefit
563347.0,-212.0,no benefit
,,no benefit
,,no benefit
554559.0,19.0,benefit
561185.0,-5.0,no benefit
,,no benefit
,,no benefit
,,no benefit
,,no benefit
,,no benefit
,,no benefit
,,no benefit
,,no benefit
,,no benefit
,,no benefit
,,no benefit
,,no benefit
,,no benefit
,,no benefit
,,no benefit
,,no benefit
,,no benefit
,,no benefit
,,no benefit
,,no benefit
,,no benefit
,,no benefit
,,no benefit
,,no benefit
,,no benefit
,,no benefit
,,no benefit
,,no benefit
,,no benefit
,,no benefit
,,no benefit
,,no benefit
,,no benefit
,,no benefit
,,no benefit
,,no benefit
,,no benefit
,,no benefit
,,no benefit
,,no benefit
,,no benefit
,,no benefit
,,no benefit
,,no benefit
,,no benefit
,,no benefit
,,no benefit
561253.0,83.0,benefit
,,no benefit
,,no benefit
,,no benefit
,,no benefit
,,no benefit
,,no benefit
,,no benefit
,,no benefit
561744.0,-3.0,no benefit
,,no benefit
,,no benefit
,,no benefit
,,no benefit
,,no benefit
,,no benefit
,,no benefit
,,no benefit
,,no benefit
,,no benefit
,,no benefit
,,no benefit
,,no benefit
,,no benefit
509729.0,19.0,benefit
,,no benefit
,,no benefit
,,no benefit
,,no benefit
,,no benefit
,,no benefit
,,no benefit
,,no benefit
,,no benefit
,,no benefit
,,no benefit
,,no benefit
,,no benefit
,,no benefit
542561.0,-1.0,no benefit
,,no benefit
,,no benefit
,,no benefit
,,no benefit
,,no benefit
545098.0,-45.0,no benefit
,,no benefit
,,no benefit
,,no benefit
,,no benefit
,,no benefit
,,no benefit
,,no benefit
552710.0,5.0,benefit
546959.0,38.0,benefit
,,no benefit
,,no benefit
,,no benefit
,,no benefit
,,no benefit
545064.0,74.0,benefit
,,no benefit
,,no benefit
542249.0,-84.0,no benefit
,,no benefit
,,no benefit
,,no benefit
,,no benefit
,,no benefit
547238.0,-652.0,no benefit
,,no benefit
,,no benefit
,,no benefit
,,no benefit
,,no benefit
,,no benefit
,,no benefit
,,no benefit
,,no benefit
,,no benefit
,,no benefit
,,no benefit
,,no benefit
,,no benefit
,,no benefit
,,no benefit
,,no benefit
,,no benefit
,,no benefit
,,no benefit
,,no benefit
,,no benefit
553005.0,-6.0,no benefit
,,no benefit
,,no benefit
,,no benefit
,,no benefit
,,no benefit
,,no benefit
,,no benefit
,,no benefit
,,no benefit
527378.0,0.0,no benefit
,,no benefit
,,no benefit
,,no benefit
,,no benefit
,,no benefit
,,no benefit
,,no benefit
,,no benefit
548851.0,-16.0,no benefit
,,no benefit
,,no benefit
538892.0,19.0,benefit
,,no benefit
,,no benefit
,,no benefit
,,no benefit
,,no benefit
536101.0,-60.0,no benefit
,,no benefit
,,no benefit
,,no benefit
,,no benefit
,,no benefit
,,no benefit
,,no benefit
,,no benefit
,,no benefit
560568.0,-106.0,no benefit
,,no benefit
,,no benefit
545888.0,-137.0,no benefit
,,no benefit
,,no benefit
,,no benefit
,,no benefit
,,no benefit
,,no benefit
,,no benefit
,,no benefit
,,no benefit
,,no benefit
,,no benefit
,,no benefit
,,no benefit
,,no benefit
,,no benefit
,,no benefit
,,no benefit
,,no benefit
,,no benefit
,,no benefit
,,no benefit
,,no benefit
,,no benefit
,,no benefit
,,no benefit
,,no benefit
,,no benefit
,,no benefit
,,no benefit
,,no benefit
,,no benefit
,,no benefit
,,no benefit
,,no benefit
,,no benefit
,,no benefit
,,no benefit
,,no benefit
,,no benefit
,,no benefit
,,no benefit
,,no benefit
535903.0,67.0,benefit
,,no benefit
,,no benefit
,,no benefit
,,no benefit
,,no benefit
,,no benefit
,,no benefit
,,no benefit
,,no benefit
,,no benefit
,,no benefit
,,no benefit
,,no benefit
,,no benefit
,,no benefit
,,no benefit
,,no benefit
,,no benefit
,,no benefit
,,no benefit
,,no benefit
,,no benefit
543717.0,-7.0,no benefit
,,no benefit
,,no benefit
,,no benefit
,,no benefit
,,no benefit
,,no benefit
,,no benefit
,,no benefit
,,no benefit
,,no benefit
,,no benefit
,,no benefit
549811.0,114.0,benefit
,,no benefit
,,no benefit
,,no benefit
,,no benefit
,,no benefit
,,no benefit
,,no benefit
,,no benefit
,,no benefit
,,no benefit
,,no benefit
,,no benefit
,,no benefit
,,no benefit
,,no benefit
,,no benefit
,,no benefit
,,no benefit
,,no benefit
,,no benefit
,,no benefit
,,no benefit
,,no benefit
,,no benefit
,,no benefit
551511.0,-81.0,no benefit
,,no benefit
,,no benefit
567229.0,-4.0,no benefit
,,no benefit
,,no benefit
,,no benefit
,,no benefit
,,no benefit
,,no benefit
,,no benefit
,,no benefit
545608.0,-54.0,no benefit
,,no benefit
,,no benefit
,,no benefit
,,no benefit
,,no benefit
522848.0,-5.0,no benefit
,,no benefit
,,no benefit
,,no benefit
,,no benefit
,,no benefit
,,no benefit
,,no benefit
,,no benefit
,,no benefit
,,no benefit
,,no benefit
,,no benefit
,,no benefit
,,no benefit
547903.0,-215.0,no benefit
,,no benefit
,,no benefit
,,no benefit
,,no benefit
,,no benefit
,,no benefit
,,no benefit
,,no benefit
,,no benefit
,,no benefit
,,no benefit
,,no benefit
,,no benefit
,,no benefit
,,no benefit
,,no benefit
,,no benefit
,,no benefit
,,no benefit
,,no benefit
,,no benefit
,,no benefit
,,no benefit
,,no benefit
,,no benefit
,,no benefit
,,no benefit
,,no benefit
,,no benefit
,,no benefit
,,no benefit
,,no benefit
,,no benefit
,,no benefit
,,no benefit
,,no benefit
,,no benefit
,,no benefit
,,no benefit
,,no benefit
,,no benefit
,,no benefit
,,no benefit
,,no benefit
,,no benefit
558858.0,18.0,benefit
,,no benefit
,,no benefit
,,no benefit
,,no benefit
,,no benefit
,,no benefit
,,no benefit
563786.0,-80.0,no benefit
,,no benefit
,,no benefit
,,no benefit
,,no benefit
,,no benefit
,,no benefit
,,no benefit
,,no benefit
,,no benefit
,,no benefit
,,no benefit
,,no benefit
,,no benefit
,,no benefit
,,no benefit
,,no benefit
,,no benefit
,,no benefit
,,no benefit
,,no benefit
,,no benefit
,,no benefit
,,no benefit
,,no benefit
556577.0,287.0,benefit
,,no benefit
,,no benefit
,,no benefit
,,no benefit
,,no benefit
560199.0,108.0,benefit
,,no benefit
,,no benefit
,,no benefit
,,no benefit
,,no benefit
,,no benefit
,,no benefit
554496.0,89.0,benefit
,,no benefit
,,no benefit
,,no benefit
,,no benefit
,,no benefit
,,no benefit
,,no benefit
544878.0,29.0,benefit
,,no benefit
,,no benefit
,,no benefit
,,no benefit
,,no benefit
,,no benefit
,,no benefit
560777.0,-25.0,no benefit
,,no benefit
,,no benefit
,,no benefit
,,no benefit
,,no benefit
,,no benefit
,,no benefit
531793.0,39.0,benefit
,,no benefit
,,no benefit
,,no benefit
,,no benefit
,,no benefit
,,no benefit
,,no benefit
,,no benefit
552707.0,-92.0,no benefit
557175.0,74.0,benefit
,,no benefit
,,no benefit
,,no benefit
,,no benefit
,,no benefit
549457.0,-588.0,no benefit
,,no benefit
,,no benefit
,,no benefit
,,no benefit
,,no benefit
,,no benefit
,,no benefit
,,no benefit
,,no benefit
,,no benefit
,,no benefit
551587.0,12.0,benefit
,,no benefit
,,no benefit
,,no benefit
,,no benefit
,,no benefit
,,no benefit
,,no benefit
,,no benefit
,,no benefit
,,no benefit
,,no benefit
,,no benefit
,,no benefit
,,no benefit
,,no benefit
,,no benefit
,,no benefit
,,no benefit
,,no benefit
,,no benefit
,,no benefit
,,no benefit
,,no benefit
,,no benefit
,,no benefit
,,no benefit
,,no benefit
,,no benefit
,,no benefit
,,no benefit
,,no benefit
540574.0,0.0,no benefit
,,no benefit
539717.0,164.0,benefit
,,no benefit
,,no benefit
,,no benefit
,,no benefit
,,no benefit
,,no benefit
,,no benefit
,,no benefit
,,no benefit
,,no benefit
,,no benefit
,,no benefit
,,no benefit
,,no benefit
,,no benefit
,,no benefit
,,no benefit
,,no benefit
,,no benefit
,,no benefit
556918.0,35.0,benefit
,,no benefit
,,no benefit
,,no benefit
,,no benefit
,,no benefit
,,no benefit
,,no benefit
,,no benefit
,,no benefit
,,no benefit
,,no benefit
,,no benefit
,,no benefit
,,no benefit
547734.0,83.0,benefit
,,no benefit
,,no benefit
,,no benefit
,,no benefit
,,no benefit
,,no benefit
,,no benefit
,,no benefit
,,no benefit
,,no benefit
552965.0,-6.0,no benefit
,,no benefit
,,no benefit
,,no benefit
,,no benefit
,,no benefit
,,no benefit
,,no benefit
,,no benefit
,,no benefit
,,no benefit
,,no benefit
,,no benefit
,,no benefit
,,no benefit
553623.0,-59.0,no benefit
,,no benefit
,,no benefit
,,no benefit
,,no benefit
,,no benefit
,,no benefit
,,no benefit
,,no benefit
,,no benefit
,,no benefit
556131.0,-74.0,no benefit
,,no benefit
,,no benefit
,,no benefit
,,no benefit
,,no benefit
,,no benefit
,,no benefit
,,no benefit
,,no benefit
,,no benefit
,,no benefit
,,no benefit
,,no benefit
,,no benefit
,,no benefit
,,no benefit
,,no benefit
,,no benefit
,,no benefit
,,no benefit
,,no benefit
,,no benefit
,,no benefit
,,no benefit
,,no benefit
,,no benefit
,,no benefit
,,no benefit
,,no benefit
,,no benefit
,,no benefit
,,no benefit
,,no benefit
,,no benefit
,,no benefit
,,no benefit
,,no benefit
,,no benefit
,,no benefit
,,no benefit
,,no benefit
,,no benefit
,,no benefit
,,no benefit
,,no benefit
,,no benefit
,,no benefit
,,no benefit
,,no benefit
,,no benefit
,,no benefit
564302.0,41.0,benefit
567789.0,-130.0,no benefit
,,no benefit
,,no benefit
,,no benefit
,,no benefit
,,no benefit
,,no benefit
,,no benefit
560761.0,-67.0,no benefit
,,no benefit
566731.0,252.0,benefit
,,no benefit
554835.0,-11.0,no benefit
,,no benefit
560335.0,-159.0,no benefit
,,no benefit
,,no benefit
570206.0,13.0,benefit
,,no benefit
,,no benefit
,,no benefit
,,no benefit
,,no benefit
,,no benefit
,,no benefit
,,no benefit
,,no benefit
,,no benefit
,,no benefit
,,no benefit
,,no benefit
,,no benefit
,,no benefit
,,no benefit
,,no benefit
,,no benefit
,,no benefit
,,no benefit
,,no benefit
,,no benefit
,,no benefit
,,no benefit
,,no benefit
,,no benefit
,,no benefit
,,no benefit
,,no benefit
,,no benefit
,,no benefit
,,no benefit
,,no benefit
,,no benefit
,,no benefit
,,no benefit
,,no benefit
,,no benefit
,,no benefit
,,no benefit
554177.0,-40.0,no benefit
,,no benefit
,,no benefit
,,no benefit
,,no benefit
,,no benefit
,,no benefit
,,no benefit
,,no benefit
,,no benefit
,,no benefit
,,no benefit
,,no benefit
,,no benefit
,,no benefit
,,no benefit
,,no benefit
,,no benefit
,,no benefit
,,no benefit
,,no benefit
,,no benefit
566140.0,41.0,benefit
,,no benefit
,,no benefit
,,no benefit
565243.0,10.0,benefit
,,no benefit
,,no benefit
,,no benefit
562013.0,15.0,benefit
,,no benefit
,,no benefit
565470.0,15.0,benefit
549978.0,-32.0,no benefit
,,no benefit
,,no benefit
,,no benefit
,,no benefit
561970.0,-8.0,no benefit
,,no benefit
,,no benefit
,,no benefit
,,no benefit
,,no benefit
,,no benefit
,,no benefit
,,no benefit
,,no benefit
566930.0,-106.0,no benefit
,,no benefit
557587.0,-404.0,no benefit
,,no benefit
,,no benefit
,,no benefit
,,no benefit
,,no benefit
,,no benefit
,,no benefit
,,no benefit
,,no benefit
557648.0,91.0,benefit
,,no benefit
,,no benefit
,,no benefit
,,no benefit
,,no benefit
,,no benefit
,,no benefit
,,no benefit
,,no benefit
,,no benefit
,,no benefit
,,no benefit
,,no benefit
,,no benefit
563147.0,12.0,benefit
,,no benefit
,,no benefit
,,no benefit
,,no benefit
567008.0,6.0,benefit
,,no benefit
,,no benefit
,,no benefit
,,no benefit
,,no benefit
567161.0,-29.0,no benefit
,,no benefit
,,no benefit
563253.0,-139.0,no benefit
,,no benefit
,,no benefit
,,no benefit
,,no benefit
,,no benefit
,,no benefit
,,no benefit
,,no benefit
,,no benefit
555902.0,131.0,benefit
,,no benefit
,,no benefit
560315.0,-334.0,no benefit
,,no benefit
545622.0,105.0,benefit
,,no benefit
,,no benefit
,,no benefit
,,no benefit
,,no benefit
,,no benefit
,,no benefit
,,no benefit
,,no benefit
,,no benefit
,,no benefit
,,no benefit
,,no benefit
,,no benefit
,,no benefit
,,no benefit
,,no benefit
557631.0,-38.0,no benefit
,,no benefit
,,no benefit
,,no benefit
,,no benefit
,,no benefit
,,no benefit
,,no benefit
,,no benefit
,,no benefit
,,no benefit
,,no benefit
,,no benefit
,,no benefit
,,no benefit
,,no benefit
559997.0,6.0,benefit
,,no benefit
,,no benefit
,,no benefit
,,no benefit
,,no benefit
,,no benefit
558448.0,64.0,benefit
,,no benefit
,,no benefit
,,no benefit
,,no benefit
,,no benefit
,,no benefit
,,no benefit
558702.0,-164.0,no benefit
,,no benefit
,,no benefit
,,no benefit
,,no benefit
,,no benefit
,,no benefit
,,no benefit
,,no benefit
,,no benefit
,,no benefit
,,no benefit
,,no benefit
,,no benefit
,,no benefit
560362.0,14.0,benefit
,,no benefit
,,no benefit
,,no benefit
,,no benefit
,,no benefit
,,no benefit
,,no benefit
,,no benefit
,,no benefit
,,no benefit
,,no benefit
,,no benefit
,,no benefit
,,no benefit
,,no benefit
,,no benefit
,,no benefit
,,no benefit
,,no benefit
,,no benefit
,,no benefit
,,no benefit
,,no benefit
,,no benefit
,,no benefit
,,no benefit
,,no benefit
561815.0,-493.0,no benefit
,,no benefit
539983.0,-11.0,no benefit
,,no benefit
,,no benefit
,,no benefit
,,no benefit
,,no benefit
,,no benefit
,,no benefit
,,no benefit
,,no benefit
,,no benefit
,,no benefit
535888.0,7.0,benefit
,,no benefit
,,no benefit
,,no benefit
,,no benefit
,,no benefit
,,no benefit
,,no benefit
542616.0,4.0,benefit
,,no benefit
,,no benefit
,,no benefit
,,no benefit
540115.0,-38.0,no benefit
,,no benefit
,,no benefit
,,no benefit
543297.0,66.0,benefit
,,no benefit
,,no benefit
,,no benefit
,,no benefit
,,no benefit
,,no benefit
532779.0,-80.0,no benefit
534967.0,-11.0,no benefit
,,no benefit
,,no benefit
533945.0,130.0,benefit
548270.0,-473.0,no benefit
,,no benefit
,,no benefit
544659.0,-112.0,no benefit
543618.0,10.0,benefit
,,no benefit
,,no benefit
,,no benefit
558206.0,-77.0,no benefit
,,no benefit
,,no benefit
,,no benefit
,,no benefit
,,no benefit
,,no benefit
,,no benefit
,,no benefit
,,no benefit
547164.0,597.0,benefit
,,no benefit
,,no benefit
,,no benefit
,,no benefit
,,no benefit
,,no benefit
,,no benefit
,,no benefit
,,no benefit
,,no benefit
,,no benefit
,,no benefit
,,no benefit
,,no benefit
,,no benefit
,,no benefit
,,no benefit
,,no benefit
,,no benefit
,,no benefit
,,no benefit
,,no benefit
,,no benefit
,,no benefit
,,no benefit
,,no benefit
,,no benefit
545149.0,37.0,benefit
,,no benefit
,,no benefit
545415.0,-69.0,no benefit
,,no benefit
,,no benefit
,,no benefit
,,no benefit
,,no benefit
,,no benefit
,,no benefit
,,no benefit
,,no benefit
,,no benefit
,,no benefit
,,no benefit
,,no benefit
,,no benefit
,,no benefit
,,no benefit
,,no benefit
,,no benefit
,,no benefit
,,no benefit
,,no benefit
,,no benefit
,,no benefit
524255.0,53.0,benefit
,,no benefit
,,no benefit
,,no benefit
,,no benefit
,,no benefit
,,no benefit
,,no benefit
,,no benefit
,,no benefit
,,no benefit
,,no benefit
,,no benefit
,,no benefit
,,no benefit
,,no benefit
,,no benefit
,,no benefit
,,no benefit
,,no benefit
538769.0,6.0,benefit
,,no benefit
,,no benefit
,,no benefit
563620.0,74.0,benefit
,,no benefit
,,no benefit
,,no benefit
,,no benefit
,,no benefit
555935.0,50.0,benefit
,,no benefit
,,no benefit
,,no benefit
,,no benefit
,,no benefit
,,no benefit
,,no benefit
,,no benefit
,,no benefit
,,no benefit
540649.0,90.0,benefit
,,no benefit
,,no benefit
,,no benefit
,,no benefit
,,no benefit
536007.0,46.0,benefit
,,no benefit
,,no benefit
,,no benefit
,,no benefit
,,no benefit
,,no benefit
,,no benefit
,,no benefit
,,no benefit
,,no benefit
,,no benefit
,,no benefit
537953.0,-13.0,no benefit
,,no benefit
,,no benefit
,,no benefit
,,no benefit
,,no benefit
,,no benefit
,,no benefit
,,no benefit
,,no benefit
,,no benefit
,,no benefit
,,no benefit
,,no benefit
,,no benefit
,,no benefit
,,no benefit
,,no benefit
,,no benefit
,,no benefit
,,no benefit
,,no benefit
538592.0,-544.0,no benefit
,,no benefit
,,no benefit
,,no benefit
,,no benefit
,,no benefit
,,no benefit
,,no benefit
,,no benefit
,,no benefit
,,no benefit
,,no benefit
,,no benefit
,,no benefit
563358.0,15.0,benefit
562205.0,-124.0,no benefit
,,no benefit
,,no benefit
559165.0,90.0,benefit
,,no benefit
,,no benefit
,,no benefit
,,no benefit
,,no benefit
,,no benefit
,,no benefit
,,no benefit
,,no benefit
,,no benefit
,,no benefit
,,no benefit
,,no benefit
,,no benefit
,,no benefit
,,no benefit
,,no benefit
,,no benefit
,,no benefit
,,no benefit
,,no benefit
,,no benefit
,,no benefit
,,no benefit
,,no benefit
,,no benefit
,,no benefit
,,no benefit
,,no benefit
,,no benefit
,,no benefit
,,no benefit
,,no benefit
,,no benefit
,,no benefit
,,no benefit
,,no benefit
,,no benefit
,,no benefit
,,no benefit
,,no benefit
,,no benefit
,,no benefit
,,no benefit
540217.0,-988.0,no benefit
,,no benefit
563190.0,262.0,benefit
,,no benefit
,,no benefit
,,no benefit
,,no benefit
,,no benefit
547517.0,67.0,benefit
,,no benefit
,,no benefit
,,no benefit
,,no benefit
,,no benefit
,,no benefit
,,no benefit
,,no benefit
,,no benefit
,,no benefit
,,no benefit
,,no benefit
,,no benefit
,,no benefit
,,no benefit
,,no benefit
,,no benefit
,,no benefit
549332.0,53.0,benefit
563287.0,22.0,benefit
,,no benefit
,,no benefit
,,no benefit
,,no benefit
,,no benefit
,,no benefit
,,no benefit
,,no benefit
,,no benefit
,,no benefit
,,no benefit
,,no benefit
,,no benefit
,,no benefit
,,no benefit
,,no benefit
,,no benefit
,,no benefit
,,no benefit
,,no benefit
,,no benefit
,,no benefit
,,no benefit
,,no benefit
,,no benefit
,,no benefit
,,no benefit
,,no benefit
,,no benefit
,,no benefit
,,no benefit
,,no benefit
,,no benefit
,,no benefit
,,no benefit
,,no benefit
,,no benefit
,,no benefit
,,no benefit
,,no benefit
,,no benefit
,,no benefit
564118.0,-8.0,no benefit
,,no benefit
,,no benefit
,,no benefit
,,no benefit
,,no benefit
,,no benefit
,,no benefit
,,no benefit
,,no benefit
,,no benefit
,,no benefit
,,no benefit
,,no benefit
,,no benefit
,,no benefit
,,no benefit
,,no benefit
,,no benefit
,,no benefit
,,no benefit
541656.0,-58.0,no benefit
,,no benefit
,,no benefit
,,no benefit
,,no benefit
,,no benefit
,,no benefit
,,no benefit
,,no benefit
,,no benefit
,,no benefit
,,no benefit
,,no benefit
,,no benefit
,,no benefit
,,no benefit
,,no benefit
,,no benefit
,,no benefit
,,no benefit
,,no benefit
,,no benefit
,,no benefit
,,no benefit
,,no benefit
,,no benefit
,,no benefit
,,no benefit
,,no benefit
,,no benefit
563173.0,264.0,benefit
,,no benefit
,,no benefit
566177.0,-49.0,no benefit
,,no benefit
,,no benefit
,,no benefit
,,no benefit
563150.0,60.0,benefit
,,no benefit
,,no benefit
,,no benefit
561408.0,-54.0,no benefit
,,no benefit
,,no benefit
,,no benefit
,,no benefit
,,no benefit
,,no benefit
,,no benefit
,,no benefit
,,no benefit
,,no benefit
,,no benefit
,,no benefit
,,no benefit
,,no benefit
,,no benefit
506161.0,6.0,benefit
,,no benefit
,,no benefit
,,no benefit
,,no benefit
,,no benefit
,,no benefit
,,no benefit
,,no benefit
,,no benefit
,,no benefit
,,no benefit
,,no benefit
,,no benefit
,,no benefit
,,no benefit
,,no benefit
541455.0,-172.0,no benefit
,,no benefit
,,no benefit
531276.0,-145.0,no benefit
,,no benefit
,,no benefit
,,no benefit
,,no benefit
,,no benefit
,,no benefit
,,no benefit
,,no benefit
,,no benefit
,,no benefit
,,no benefit
,,no benefit
,,no benefit
,,no benefit
543854.0,-17.0,no benefit
,,no benefit
,,no benefit
,,no benefit
,,no benefit
,,no benefit
,,no benefit
540451.0,-19.0,no benefit
,,no benefit
544319.0,-484.0,no benefit
,,no benefit
,,no benefit
,,no benefit
,,no benefit
,,no benefit
,,no benefit
,,no benefit
,,no benefit
,,no benefit
,,no benefit
,,no benefit
,,no benefit
,,no benefit
,,no benefit
,,no benefit
,,no benefit
537316.0,66.0,benefit
,,no benefit
,,no benefit
,,no benefit
,,no benefit
,,no benefit
,,no benefit
,,no benefit
,,no benefit
,,no benefit
,,no benefit
,,no benefit
546501.0,-210.0,no benefit
,,no benefit
,,no benefit
,,no benefit
,,no benefit
,,no benefit
,,no benefit
,,no benefit
,,no benefit
,,no benefit
,,no benefit
,,no benefit
540933.0,-14.0,no benefit
,,no benefit
,,no benefit
,,no benefit
,,no benefit
,,no benefit
,,no benefit
,,no benefit
,,no benefit
,,no benefit
,,no benefit
539274.0,15.0,benefit
,,no benefit
541079.0,-24.0,no benefit
,,no benefit
,,no benefit
,,no benefit
,,no benefit
,,no benefit
,,no benefit
,,no benefit
553313.0,260.0,benefit
,,no benefit
549759.0,142.0,benefit
,,no benefit
,,no benefit
,,no benefit
,,no benefit
,,no benefit
,,no benefit
,,no benefit
,,no benefit
,,no benefit
,,no benefit
,,no benefit
,,no benefit
,,no benefit
,,no benefit
,,no benefit
,,no benefit
,,no benefit
,,no benefit
,,no benefit
,,no benefit
,,no benefit
,,no benefit
,,no benefit
,,no benefit
,,no benefit
,,no benefit
,,no benefit
,,no benefit
,,no benefit
,,no benefit
,,no benefit
,,no benefit
,,no benefit
,,no benefit
,,no benefit
,,no benefit
,,no benefit
,,no benefit
,,no benefit
,,no benefit
,,no benefit
,,no benefit
,,no benefit
,,no benefit
,,no benefit
555193.0,16.0,benefit
,,no benefit
,,no benefit
,,no benefit
,,no benefit
,,no benefit
,,no benefit
561362.0,-21.0,no benefit
,,no benefit
,,no benefit
,,no benefit
,,no benefit
,,no benefit
,,no benefit
,,no benefit
,,no benefit
,,no benefit
,,no benefit
540370.0,-322.0,no benefit
,,no benefit
,,no benefit
,,no benefit
,,no benefit
,,no benefit
,,no benefit
,,no benefit
553994.0,120.0,benefit
,,no benefit
,,no benefit
,,no benefit
,,no benefit
,,no benefit
,,no benefit
,,no benefit
,,no benefit
,,no benefit
,,no benefit
,,no benefit
,,no benefit
,,no benefit
,,no benefit
,,no benefit
,,no benefit
,,no benefit
,,no benefit
,,no benefit
,,no benefit
,,no benefit
,,no benefit
,,no benefit
,,no benefit
558913.0,19.0,benefit
,,no benefit
,,no benefit
,,no benefit
,,no benefit
,,no benefit
,,no benefit
,,no benefit
,,no benefit
,,no benefit
,,no benefit
,,no benefit
544591.0,-22.0,no benefit
,,no benefit
,,no benefit
,,no benefit
,,no benefit
,,no benefit
,,no benefit
,,no benefit
,,no benefit
,,no benefit
,,no benefit
,,no benefit
,,no benefit
,,no benefit
,,no benefit
565162.0,52.0,benefit
,,no benefit
,,no benefit
565399.0,70.0,benefit
,,no benefit
,,no benefit
,,no benefit
,,no benefit
,,no benefit
,,no benefit
,,no benefit
,,no benefit
,,no benefit
,,no benefit
,,no benefit
,,no benefit
,,no benefit
,,no benefit
,,no benefit
,,no benefit
,,no benefit
549726.0,72.0,benefit
561416.0,-194.0,no benefit
,,no benefit
535053.0,-81.0,no benefit
,,no benefit
,,no benefit
,,no benefit
,,no benefit
,,no benefit
,,no benefit
,,no benefit
,,no benefit
,,no benefit
,,no benefit
,,no benefit
,,no benefit
,,no benefit
,,no benefit
,,no benefit
,,no benefit
,,no benefit
,,no benefit
,,no benefit
,,no benefit
543910.0,56.0,benefit
,,no benefit
,,no benefit
,,no benefit
,,no benefit
,,no benefit
,,no benefit
,,no benefit
,,no benefit
,,no benefit
,,no benefit
,,no benefit
,,no benefit
,,no benefit
,,no benefit
,,no benefit
,,no benefit
,,no benefit
,,no benefit
,,no benefit
,,no benefit
,,no benefit
,,no benefit
,,no benefit
,,no benefit
560738.0,-37.0,no benefit
570155.0,-130.0,no benefit
,,no benefit
,,no benefit
,,no benefit
,,no benefit
,,no benefit
,,no benefit
,,no benefit
,,no benefit
,,no benefit
,,no benefit
,,no benefit
,,no benefit
,,no benefit
,,no benefit
,,no benefit
,,no benefit
,,no benefit
,,no benefit
,,no benefit
543790.0,-200.0,no benefit
,,no benefit
,,no benefit
,,no benefit
,,no benefit
,,no benefit
,,no benefit
,,no benefit
,,no benefit
551354.0,14.0,benefit
,,no benefit
,,no benefit
,,no benefit
,,no benefit
,,no benefit
,,no benefit
,,no benefit
,,no benefit
,,no benefit
,,no benefit
570983.0,-61.0,no benefit
,,no benefit
,,no benefit
,,no benefit
,,no benefit
,,no benefit
,,no benefit
,,no benefit
,,no benefit
,,no benefit
557078.0,104.0,benefit
,,no benefit
,,no benefit
,,no benefit
,,no benefit
,,no benefit
,,no benefit
,,no benefit
,,no benefit
,,no benefit
,,no benefit
,,no benefit
,,no benefit
,,no benefit
,,no benefit
,,no benefit
,,no benefit
,,no benefit
,,no benefit
,,no benefit
,,no benefit
,,no benefit
,,no benefit
,,no benefit
,,no benefit
,,no benefit
,,no benefit
,,no benefit
,,no benefit
,,no benefit
,,no benefit
,,no benefit
,,no benefit
,,no benefit
,,no benefit
,,no benefit
,,no benefit
540855.0,29.0,benefit
,,no benefit
,,no benefit
,,no benefit
,,no benefit
,,no benefit
,,no benefit
,,no benefit
,,no benefit
,,no benefit
,,no benefit
,,no benefit
,,no benefit
,,no benefit
,,no benefit
,,no benefit
,,no benefit
,,no benefit
,,no benefit
,,no benefit
,,no benefit
,,no benefit
,,no benefit
,,no benefit
,,no benefit
,,no benefit
,,no benefit
,,no benefit
,,no benefit
,,no benefit
,,no benefit
521526.0,-53.0,no benefit
,,no benefit
,,no benefit
,,no benefit
,,no benefit
568439.0,-25.0,no benefit
,,no benefit
,,no benefit
,,no benefit
,,no benefit
563484.0,-76.0,no benefit
,,no benefit
,,no benefit
,,no benefit
560335.0,-159.0,no benefit
,,no benefit
,,no benefit
566841.0,13.0,benefit
,,no benefit
,,no benefit
,,no benefit
,,no benefit
,,no benefit
,,no benefit
,,no benefit
,,no benefit
,,no benefit
,,no benefit
,,no benefit
,,no benefit
,,no benefit
,,no benefit
,,no benefit
,,no benefit
,,no benefit
574276.0,43.0,benefit
,,no benefit
,,no benefit
,,no benefit
,,no benefit
,,no benefit
,,no benefit
,,no benefit
,,no benefit
,,no benefit
,,no benefit
573147.0,6.0,benefit
,,no benefit
,,no benefit
,,no benefit
,,no benefit
574676.0,35.0,benefit
,,no benefit
,,no benefit
,,no benefit
,,no benefit
,,no benefit
,,no benefit
,,no benefit
,,no benefit
545556.0,-8.0,no benefit
553772.0,4.0,benefit
,,no benefit
546478.0,8.0,benefit
,,no benefit
,,no benefit
,,no benefit
,,no benefit
,,no benefit
,,no benefit
,,no benefit
536108.0,-843.0,no benefit
,,no benefit
,,no benefit
,,no benefit
549853.0,-162.0,no benefit
,,no benefit
,,no benefit
554385.0,0.0,no benefit
,,no benefit
,,no benefit
,,no benefit
557053.0,-95.0,no benefit
,,no benefit
,,no benefit
,,no benefit
567805.0,52.0,benefit
,,no benefit
,,no benefit
,,no benefit
,,no benefit
566395.0,24.0,benefit
568160.0,48.0,benefit
,,no benefit
,,no benefit
,,no benefit
,,no benefit
,,no benefit
,,no benefit
,,no benefit
,,no benefit
,,no benefit
,,no benefit
,,no benefit
,,no benefit
,,no benefit
536992.0,1.0,benefit
,,no benefit
538819.0,30.0,benefit
,,no benefit
,,no benefit
,,no benefit
,,no benefit
,,no benefit
,,no benefit
,,no benefit
,,no benefit
,,no benefit
,,no benefit
,,no benefit
,,no benefit
,,no benefit
,,no benefit
,,no benefit
,,no benefit
,,no benefit
,,no benefit
,,no benefit
,,no benefit
,,no benefit
543525.0,11.0,benefit
,,no benefit
,,no benefit
,,no benefit
,,no benefit
,,no benefit
,,no benefit
,,no benefit
,,no benefit
553304.0,49.0,benefit
,,no benefit
,,no benefit
,,no benefit
,,no benefit
,,no benefit
,,no benefit
,,no benefit
,,no benefit
,,no benefit
,,no benefit
,,no benefit
,,no benefit
,,no benefit
,,no benefit
,,no benefit
,,no benefit
,,no benefit
,,no benefit
,,no benefit
,,no benefit
,,no benefit
,,no benefit
,,no benefit
,,no benefit
,,no benefit
,,no benefit
,,no benefit
,,no benefit
,,no benefit
528845.0,-4624.0,no benefit
,,no benefit
,,no benefit
537139.0,-52.0,no benefit
,,no benefit
,,no benefit
,,no benefit
,,no benefit
552425.0,-102.0,no benefit
,,no benefit
,,no benefit
,,no benefit
,,no benefit
,,no benefit
,,no benefit
,,no benefit
,,no benefit
552763.0,-5.0,no benefit
535011.0,5.0,benefit
,,no benefit
,,no benefit
,,no benefit
,,no benefit
,,no benefit
,,no benefit
,,no benefit
,,no benefit
,,no benefit
,,no benefit
,,no benefit
,,no benefit
,,no benefit
,,no benefit
,,no benefit
,,no benefit
,,no benefit
,,no benefit
547573.0,17.0,benefit
,,no benefit
,,no benefit
,,no benefit
,,no benefit
,,no benefit
,,no benefit
,,no benefit
,,no benefit
,,no benefit
,,no benefit
,,no benefit
,,no benefit
553117.0,65.0,benefit
565733.0,-1020.0,no benefit
,,no benefit
560439.0,-8.0,no benefit
,,no benefit
,,no benefit
560727.0,20.0,benefit
,,no benefit
,,no benefit
,,no benefit
,,no benefit
,,no benefit
,,no benefit
,,no benefit
,,no benefit
,,no benefit
,,no benefit
,,no benefit
,,no benefit
,,no benefit
,,no benefit
,,no benefit
564381.0,-53.0,no benefit
,,no benefit
,,no benefit
,,no benefit
,,no benefit
,,no benefit
,,no benefit
,,no benefit
,,no benefit
,,no benefit
,,no benefit
,,no benefit
560500.0,-259.0,no benefit
562529.0,40.0,benefit
,,no benefit
,,no benefit
,,no benefit
,,no benefit
,,no benefit
,,no benefit
,,no benefit
,,no benefit
,,no benefit
,,no benefit
,,no benefit
,,no benefit
,,no benefit
563832.0,-5.0,no benefit
,,no benefit
,,no benefit
,,no benefit
,,no benefit
,,no benefit
,,no benefit
,,no benefit
,,no benefit
,,no benefit
551518.0,-13.0,no benefit
,,no benefit
,,no benefit
,,no benefit
553157.0,-18.0,no benefit
,,no benefit
538942.0,142.0,benefit
,,no benefit
,,no benefit
,,no benefit
,,no benefit
,,no benefit
,,no benefit
,,no benefit
,,no benefit
,,no benefit
,,no benefit
,,no benefit
,,no benefit
519122.0,163.0,benefit
,,no benefit
,,no benefit
,,no benefit
,,no benefit
,,no benefit
,,no benefit
,,no benefit
,,no benefit
,,no benefit
,,no benefit
553153.0,5.0,benefit
,,no benefit
,,no benefit
,,no benefit
,,no benefit
,,no benefit
552582.0,-60.0,no benefit
,,no benefit
,,no benefit
,,no benefit
,,no benefit
,,no benefit
,,no benefit
,,no benefit
,,no benefit
,,no benefit
,,no benefit
,,no benefit
,,no benefit
,,no benefit
547952.0,144.0,benefit
,,no benefit
,,no benefit
,,no benefit
,,no benefit
,,no benefit
,,no benefit
,,no benefit
,,no benefit
,,no benefit
,,no benefit
,,no benefit
,,no benefit
,,no benefit
,,no benefit
,,no benefit
,,no benefit
511719.0,71.0,benefit
,,no benefit
,,no benefit
558495.0,73.0,benefit
,,no benefit
,,no benefit
566342.0,-598.0,no benefit
,,no benefit
,,no benefit
,,no benefit
,,no benefit
,,no benefit
,,no benefit
,,no benefit
,,no benefit
,,no benefit
,,no benefit
,,no benefit
,,no benefit
,,no benefit
,,no benefit
,,no benefit
,,no benefit
,,no benefit
,,no benefit
,,no benefit
,,no benefit
556319.0,55.0,benefit
,,no benefit
,,no benefit
,,no benefit
,,no benefit
541079.0,-24.0,no benefit
,,no benefit
,,no benefit
,,no benefit
507859.0,16.0,benefit
,,no benefit
512216.0,-39.0,no benefit
537735.0,13.0,benefit
,,no benefit
,,no benefit
,,no benefit
,,no benefit
,,no benefit
,,no benefit
,,no benefit
,,no benefit
,,no benefit
,,no benefit
,,no benefit
,,no benefit
,,no benefit
,,no benefit
,,no benefit
,,no benefit
,,no benefit
,,no benefit
,,no benefit
536343.0,780.0,benefit
,,no benefit
,,no benefit
,,no benefit
,,no benefit
,,no benefit
,,no benefit
,,no benefit
,,no benefit
,,no benefit
,,no benefit
538569.0,-15.0,no benefit
,,no benefit
,,no benefit
,,no benefit
,,no benefit
,,no benefit
,,no benefit
,,no benefit
549289.0,-814.0,no benefit
,,no benefit
538666.0,34.0,benefit
,,no benefit
,,no benefit
,,no benefit
,,no benefit
,,no benefit
,,no benefit
,,no benefit
,,no benefit
,,no benefit
,,no benefit
,,no benefit
,,no benefit
,,no benefit
,,no benefit
,,no benefit
543805.0,-130.0,no benefit
,,no benefit
,,no benefit
,,no benefit
,,no benefit
,,no benefit
,,no benefit
,,no benefit
,,no benefit
,,no benefit
,,no benefit
,,no benefit
,,no benefit
,,no benefit
,,no benefit
,,no benefit
,,no benefit
,,no benefit
,,no benefit
,,no benefit
,,no benefit
,,no benefit
556990.0,201.0,benefit
,,no benefit
,,no benefit
,,no benefit
,,no benefit
,,no benefit
,,no benefit
,,no benefit
,,no benefit
,,no benefit
,,no benefit
,,no benefit
,,no benefit
,,no benefit
,,no benefit
,,no benefit
,,no benefit
,,no benefit
,,no benefit
,,no benefit
,,no benefit
,,no benefit
,,no benefit
,,no benefit
,,no benefit
,,no benefit
,,no benefit
,,no benefit
,,no benefit
,,no benefit
,,no benefit
,,no benefit
,,no benefit
,,no benefit
,,no benefit
,,no benefit
,,no benefit
,,no benefit
,,no benefit
,,no benefit
,,no benefit
,,no benefit
,,no benefit
,,no benefit
,,no benefit
,,no benefit
,,no benefit
,,no benefit
,,no benefit
,,no benefit
,,no benefit
,,no benefit
,,no benefit
,,no benefit
,,no benefit
,,no benefit
,,no benefit
,,no benefit
,,no benefit
552826.0,13.0,benefit
,,no benefit
,,no benefit
,,no benefit
,,no benefit
,,no benefit
,,no benefit
,,no benefit
,,no benefit
,,no benefit
,,no benefit
,,no benefit
,,no benefit
,,no benefit
,,no benefit
,,no benefit
,,no benefit
540497.0,-4.0,no benefit
,,no benefit
,,no benefit
,,no benefit
,,no benefit
,,no benefit
,,no benefit
,,no benefit
,,no benefit
536246.0,-86.0,no benefit
,,no benefit
,,no benefit
,,no benefit
,,no benefit
536772.0,-13.0,no benefit
,,no benefit
,,no benefit
,,no benefit
,,no benefit
,,no benefit
,,no benefit
,,no benefit
,,no benefit
,,no benefit
,,no benefit
,,no benefit
,,no benefit
,,no benefit
,,no benefit
,,no benefit
,,no benefit
,,no benefit
,,no benefit
,,no benefit
,,no benefit
,,no benefit
,,no benefit
,,no benefit
,,no benefit
,,no benefit
,,no benefit
,,no benefit
,,no benefit
,,no benefit
,,no benefit
,,no benefit
,,no benefit
,,no benefit
,,no benefit
,,no benefit
,,no benefit
,,no benefit
,,no benefit
,,no benefit
,,no benefit
,,no benefit
,,no benefit
,,no benefit
,,no benefit
,,no benefit
,,no benefit
,,no benefit
,,no benefit
,,no benefit
,,no benefit
,,no benefit
,,no benefit
,,no benefit
,,no benefit
537768.0,-3.0,no benefit
,,no benefit
,,no benefit
538062.0,72.0,benefit
,,no benefit
,,no benefit
,,no benefit
,,no benefit
,,no benefit
,,no benefit
,,no benefit
,,no benefit
,,no benefit
,,no benefit
,,no benefit
,,no benefit
,,no benefit
,,no benefit
,,no benefit
,,no benefit
,,no benefit
,,no benefit
,,no benefit
,,no benefit
,,no benefit
,,no benefit
,,no benefit
,,no benefit
,,no benefit
,,no benefit
,,no benefit
,,no benefit
,,no benefit
,,no benefit
,,no benefit
527974.0,8.0,benefit
,,no benefit
540103.0,-2.0,no benefit
,,no benefit
,,no benefit
,,no benefit
,,no benefit
538558.0,-9.0,no benefit
,,no benefit
,,no benefit
,,no benefit
,,no benefit
,,no benefit
,,no benefit
,,no benefit
,,no benefit
,,no benefit
,,no benefit
,,no benefit
,,no benefit
,,no benefit
,,no benefit
,,no benefit
569307.0,-22.0,no benefit
568712.0,1760.0,benefit
,,no benefit
,,no benefit
,,no benefit
,,no benefit
,,no benefit
,,no benefit
,,no benefit
,,no benefit
,,no benefit
,,no benefit
,,no benefit
552161.0,-3.0,no benefit
,,no benefit
,,no benefit
,,no benefit
,,no benefit
,,no benefit
,,no benefit
,,no benefit
,,no benefit
,,no benefit
,,no benefit
,,no benefit
,,no benefit
,,no benefit
,,no benefit
,,no benefit
,,no benefit
,,no benefit
,,no benefit
,,no benefit
,,no benefit
,,no benefit
,,no benefit
,,no benefit
,,no benefit
,,no benefit
,,no benefit
547720.0,-5.0,no benefit
546511.0,14.0,benefit
,,no benefit
,,no benefit
,,no benefit
,,no benefit
,,no benefit
,,no benefit
,,no benefit
,,no benefit
,,no benefit
,,no benefit
548118.0,9.0,benefit
548048.0,-27.0,no benefit
543979.0,7.0,benefit
,,no benefit
,,no benefit
,,no benefit
,,no benefit
,,no benefit
,,no benefit
,,no benefit
,,no benefit
,,no benefit
549968.0,52.0,benefit
,,no benefit
,,no benefit
,,no benefit
,,no benefit
,,no benefit
538415.0,29.0,benefit
,,no benefit
,,no benefit
,,no benefit
,,no benefit
,,no benefit
,,no benefit
,,no benefit
,,no benefit
,,no benefit
,,no benefit
523920.0,-25.0,no benefit
,,no benefit
,,no benefit
,,no benefit
,,no benefit
537350.0,-197.0,no benefit
,,no benefit
,,no benefit
,,no benefit
,,no benefit
,,no benefit
,,no benefit
,,no benefit
534705.0,74.0,benefit
,,no benefit
,,no benefit
,,no benefit
,,no benefit
,,no benefit
,,no benefit
,,no benefit
,,no benefit
,,no benefit
,,no benefit
,,no benefit
,,no benefit
,,no benefit
,,no benefit
,,no benefit
,,no benefit
,,no benefit
,,no benefit
,,no benefit
,,no benefit
,,no benefit
,,no benefit
,,no benefit
,,no benefit
,,no benefit
,,no benefit
,,no benefit
,,no benefit
,,no benefit
,,no benefit
,,no benefit
,,no benefit
,,no benefit
568759.0,1466.0,benefit
,,no benefit
,,no benefit
,,no benefit
,,no benefit
,,no benefit
,,no benefit
,,no benefit
,,no benefit
,,no benefit
,,no benefit
,,no benefit
,,no benefit
,,no benefit
,,no benefit
549606.0,567.0,benefit
,,no benefit
,,no benefit
,,no benefit
,,no benefit
,,no benefit
,,no benefit
,,no benefit
,,no benefit
,,no benefit
,,no benefit
,,no benefit
,,no benefit
,,no benefit
,,no benefit
,,no benefit
,,no benefit
,,no benefit
,,no benefit
,,no benefit
,,no benefit
,,no benefit
,,no benefit
,,no benefit
,,no benefit
,,no benefit
,,no benefit
,,no benefit
550621.0,108.0,benefit
549389.0,64.0,benefit
,,no benefit
549184.0,7.0,benefit
,,no benefit
,,no benefit
,,no benefit
,,no benefit
,,no benefit
,,no benefit
,,no benefit
,,no benefit
,,no benefit
,,no benefit
,,no benefit
,,no benefit
,,no benefit
,,no benefit
,,no benefit
,,no benefit
,,no benefit
,,no benefit
,,no benefit
,,no benefit
,,no benefit
,,no benefit
,,no benefit
,,no benefit
,,no benefit
,,no benefit
565761.0,1.0,benefit
,,no benefit
,,no benefit
,,no benefit
,,no benefit
,,no benefit
,,no benefit
,,no benefit
,,no benefit
,,no benefit
,,no benefit
,,no benefit
,,no benefit
,,no benefit
,,no benefit
,,no benefit
,,no benefit
,,no benefit
,,no benefit
,,no benefit
,,no benefit
,,no benefit
559282.0,-106.0,no benefit
566857.0,51.0,benefit
,,no benefit
,,no benefit
,,no benefit
,,no benefit
551522.0,0.0,no benefit
,,no benefit
,,no benefit
,,no benefit
527387.0,-68.0,no benefit
,,no benefit
568349.0,-4.0,no benefit
566181.0,-24.0,no benefit
,,no benefit
,,no benefit
544337.0,21.0,benefit
,,no benefit
,,no benefit
,,no benefit
,,no benefit
,,no benefit
,,no benefit
,,no benefit
,,no benefit
,,no benefit
,,no benefit
,,no benefit
,,no benefit
,,no benefit
,,no benefit
,,no benefit
,,no benefit
,,no benefit
,,no benefit
564813.0,147.0,benefit
,,no benefit
,,no benefit
,,no benefit
554462.0,535.0,benefit
,,no benefit
,,no benefit
,,no benefit
,,no benefit
,,no benefit
,,no benefit
,,no benefit
,,no benefit
564123.0,78.0,benefit
,,no benefit
,,no benefit
,,no benefit
,,no benefit
,,no benefit
,,no benefit
,,no benefit
,,no benefit
,,no benefit
,,no benefit
,,no benefit
,,no benefit
565495.0,6.0,benefit
,,no benefit
,,no benefit
,,no benefit
,,no benefit
,,no benefit
,,no benefit
,,no benefit
,,no benefit
,,no benefit
,,no benefit
,,no benefit
,,no benefit
,,no benefit
,,no benefit
,,no benefit
,,no benefit
,,no benefit
,,no benefit
,,no benefit
,,no benefit
,,no benefit
,,no benefit
,,no benefit
566489.0,31.0,benefit
,,no benefit
,,no benefit
,,no benefit
,,no benefit
,,no benefit
,,no benefit
,,no benefit
,,no benefit
,,no benefit
542633.0,-27.0,no benefit
553825.0,-18.0,no benefit
,,no benefit
,,no benefit
,,no benefit
,,no benefit
,,no benefit
,,no benefit
,,no benefit
,,no benefit
,,no benefit
,,no benefit
,,no benefit
,,no benefit
,,no benefit
,,no benefit
,,no benefit
,,no benefit
,,no benefit
,,no benefit
,,no benefit
,,no benefit
,,no benefit
,,no benefit
,,no benefit
,,no benefit
,,no benefit
,,no benefit
,,no benefit
,,no benefit
,,no benefit
,,no benefit
553823.0,6.0,benefit
,,no benefit
,,no benefit
,,no benefit
,,no benefit
,,no benefit
,,no benefit
552524.0,-22.0,no benefit
,,no benefit
,,no benefit
,,no benefit
,,no benefit
,,no benefit
,,no benefit
,,no benefit
557201.0,-390.0,no benefit
,,no benefit
,,no benefit
,,no benefit
,,no benefit
,,no benefit
,,no benefit
,,no benefit
564126.0,-77.0,no benefit
,,no benefit
,,no benefit
,,no benefit
,,no benefit
,,no benefit
,,no benefit
,,no benefit
554123.0,14.0,benefit
562708.0,41.0,benefit
,,no benefit
562514.0,-25.0,no benefit
,,no benefit
,,no benefit
,,no benefit
,,no benefit
,,no benefit
,,no benefit
,,no benefit
,,no benefit
543942.0,37.0,benefit
566331.0,-97.0,no benefit
569446.0,-143.0,no benefit
,,no benefit
565984.0,124.0,benefit
,,no benefit
,,no benefit
,,no benefit
,,no benefit
,,no benefit
,,no benefit
,,no benefit
571018.0,25.0,benefit
,,no benefit
,,no benefit
,,no benefit
,,no benefit
,,no benefit
,,no benefit
,,no benefit
,,no benefit
,,no benefit
,,no benefit
,,no benefit
,,no benefit
,,no benefit
,,no benefit
,,no benefit
,,no benefit
,,no benefit
,,no benefit
,,no benefit
,,no benefit
,,no benefit
,,no benefit
,,no benefit
,,no benefit
,,no benefit
,,no benefit
,,no benefit
,,no benefit
,,no benefit
552212.0,14.0,benefit
,,no benefit
,,no benefit
,,no benefit
,,no benefit
552365.0,12.0,benefit
,,no benefit
,,no benefit
,,no benefit
562141.0,68.0,benefit
,,no benefit
,,no benefit
,,no benefit
,,no benefit
,,no benefit
554060.0,36.0,benefit
,,no benefit
,,no benefit
,,no benefit
,,no benefit
,,no benefit
,,no benefit
,,no benefit
,,no benefit
,,no benefit
,,no benefit
559071.0,-61.0,no benefit
552161.0,-3.0,no benefit
,,no benefit
,,no benefit
,,no benefit
,,no benefit
,,no benefit
,,no benefit
,,no benefit
,,no benefit
,,no benefit
,,no benefit
,,no benefit
,,no benefit
,,no benefit
,,no benefit
,,no benefit
,,no benefit
,,no benefit
,,no benefit
,,no benefit
,,no benefit
,,no benefit
,,no benefit
,,no benefit
,,no benefit
557068.0,30.0,benefit
,,no benefit
,,no benefit
,,no benefit
,,no benefit
558533.0,64.0,benefit
,,no benefit
,,no benefit
,,no benefit
556092.0,122.0,benefit
,,no benefit
,,no benefit
,,no benefit
,,no benefit
,,no benefit
,,no benefit
,,no benefit
,,no benefit
,,no benefit
,,no benefit
544959.0,-305.0,no benefit
,,no benefit
,,no benefit
557338.0,2.0,benefit
552192.0,153.0,benefit
,,no benefit
,,no benefit
,,no benefit
,,no benefit
,,no benefit
,,no benefit
,,no benefit
,,no benefit
,,no benefit
,,no benefit
,,no benefit
,,no benefit
,,no benefit
,,no benefit
,,no benefit
567954.0,77.0,benefit
,,no benefit
,,no benefit
,,no benefit
,,no benefit
,,no benefit
,,no benefit
,,no benefit
562206.0,-90.0,no benefit
560465.0,-50.0,no benefit
,,no benefit
,,no benefit
,,no benefit
,,no benefit
,,no benefit
,,no benefit
,,no benefit
,,no benefit
,,no benefit
,,no benefit
,,no benefit
,,no benefit
,,no benefit
,,no benefit
,,no benefit
,,no benefit
,,no benefit
,,no benefit
,,no benefit
,,no benefit
,,no benefit
,,no benefit
,,no benefit
,,no benefit
563552.0,25.0,benefit
,,no benefit
,,no benefit
,,no benefit
,,no benefit
565577.0,-259.0,no benefit
,,no benefit
,,no benefit
,,no benefit
,,no benefit
,,no benefit
,,no benefit
,,no benefit
,,no benefit
,,no benefit
,,no benefit
,,no benefit
,,no benefit
,,no benefit
,,no benefit
,,no benefit
567694.0,-17.0,no benefit
,,no benefit
,,no benefit
,,no benefit
,,no benefit
,,no benefit
,,no benefit
,,no benefit
,,no benefit
,,no benefit
,,no benefit
,,no benefit
,,no benefit
,,no benefit
,,no benefit
,,no benefit
563757.0,7.0,benefit
,,no benefit
,,no benefit
,,no benefit
,,no benefit
,,no benefit
,,no benefit
,,no benefit
,,no benefit
,,no benefit
,,no benefit
,,no benefit
,,no benefit
,,no benefit
,,no benefit
,,no benefit
,,no benefit
,,no benefit
,,no benefit
,,no benefit
,,no benefit
,,no benefit
,,no benefit
,,no benefit
,,no benefit
,,no benefit
,,no benefit
,,no benefit
,,no benefit
,,no benefit
,,no benefit
538643.0,13.0,benefit
,,no benefit
,,no benefit
,,no benefit
,,no benefit
,,no benefit
,,no benefit
,,no benefit
534198.0,-67.0,no benefit
,,no benefit
,,no benefit
,,no benefit
,,no benefit
,,no benefit
559396.0,-29.0,no benefit
,,no benefit
,,no benefit
,,no benefit
,,no benefit
,,no benefit
,,no benefit
,,no benefit
,,no benefit
,,no benefit
,,no benefit
,,no benefit
,,no benefit
,,no benefit
,,no benefit
,,no benefit
,,no benefit
,,no benefit
,,no benefit
,,no benefit
,,no benefit
,,no benefit
,,no benefit
,,no benefit
,,no benefit
,,no benefit
,,no benefit
,,no benefit
,,no benefit
,,no benefit
,,no benefit
,,no benefit
,,no benefit
,,no benefit
,,no benefit
,,no benefit
515799.0,-151.0,no benefit
,,no benefit
,,no benefit
,,no benefit
,,no benefit
,,no benefit
,,no benefit
,,no benefit
562864.0,-147.0,no benefit
,,no benefit
,,no benefit
,,no benefit
,,no benefit
,,no benefit
,,no benefit
543251.0,-18.0,no benefit
,,no benefit
,,no benefit
,,no benefit
,,no benefit
,,no benefit
,,no benefit
,,no benefit
,,no benefit
,,no benefit
,,no benefit
,,no benefit
,,no benefit
,,no benefit
,,no benefit
,,no benefit
,,no benefit
,,no benefit
,,no benefit
,,no benefit
,,no benefit
,,no benefit
,,no benefit
,,no benefit
,,no benefit
534820.0,-576.0,no benefit
,,no benefit
,,no benefit
,,no benefit
,,no benefit
,,no benefit
,,no benefit
,,no benefit
,,no benefit
,,no benefit
,,no benefit
,,no benefit
,,no benefit
,,no benefit
,,no benefit
,,no benefit
,,no benefit
,,no benefit
,,no benefit
,,no benefit
,,no benefit
,,no benefit
562313.0,-362.0,no benefit
,,no benefit
,,no benefit
,,no benefit
,,no benefit
,,no benefit
,,no benefit
,,no benefit
,,no benefit
,,no benefit
549063.0,-35.0,no benefit
,,no benefit
,,no benefit
550400.0,10.0,benefit
,,no benefit
,,no benefit
,,no benefit
,,no benefit
,,no benefit
,,no benefit
,,no benefit
,,no benefit
,,no benefit
,,no benefit
,,no benefit
,,no benefit
,,no benefit
,,no benefit
,,no benefit
,,no benefit
,,no benefit
,,no benefit
,,no benefit
,,no benefit
,,no benefit
,,no benefit
,,no benefit
,,no benefit
,,no benefit
,,no benefit
,,no benefit
,,no benefit
,,no benefit
,,no benefit
,,no benefit
,,no benefit
,,no benefit
,,no benefit
,,no benefit
,,no benefit
,,no benefit
,,no benefit
,,no benefit
,,no benefit
,,no benefit
,,no benefit
,,no benefit
,,no benefit
,,no benefit
561694.0,-47.0,no benefit
,,no benefit
561602.0,8.0,benefit
,,no benefit
,,no benefit
,,no benefit
560843.0,44.0,benefit
,,no benefit
,,no benefit
,,no benefit
,,no benefit
,,no benefit
,,no benefit
558115.0,6.0,benefit
,,no benefit
,,no benefit
,,no benefit
,,no benefit
556448.0,14.0,benefit
,,no benefit
,,no benefit
554234.0,26.0,benefit
,,no benefit
,,no benefit
,,no benefit
,,no benefit
,,no benefit
,,no benefit
,,no benefit
,,no benefit
,,no benefit
,,no benefit
559214.0,79.0,benefit
,,no benefit
556456.0,97.0,benefit
,,no benefit
,,no benefit
,,no benefit
,,no benefit
,,no benefit
,,no benefit
,,no benefit
,,no benefit
,,no benefit
,,no benefit
,,no benefit
,,no benefit
,,no benefit
,,no benefit
,,no benefit
,,no benefit
,,no benefit
,,no benefit
,,no benefit
,,no benefit
,,no benefit
566968.0,-31.0,no benefit
,,no benefit
,,no benefit
,,no benefit
,,no benefit
,,no benefit
564914.0,-542.0,no benefit
,,no benefit
,,no benefit
,,no benefit
,,no benefit
559387.0,-4.0,no benefit
,,no benefit
562874.0,13.0,benefit
,,no benefit
,,no benefit
,,no benefit
,,no benefit
,,no benefit
563145.0,28.0,benefit
,,no benefit
,,no benefit
,,no benefit
,,no benefit
,,no benefit
563821.0,-8.0,no benefit
,,no benefit
561890.0,249.0,benefit
,,no benefit
564385.0,22.0,benefit
,,no benefit
,,no benefit
,,no benefit
,,no benefit
,,no benefit
,,no benefit
,,no benefit
,,no benefit
,,no benefit
,,no benefit
564604.0,97.0,benefit
,,no benefit
,,no benefit
,,no benefit
,,no benefit
562788.0,121.0,benefit
,,no benefit
,,no benefit
,,no benefit
,,no benefit
,,no benefit
,,no benefit
548193.0,158.0,benefit
,,no benefit
,,no benefit
,,no benefit
562673.0,415.0,benefit
553157.0,-18.0,no benefit
,,no benefit
,,no benefit
,,no benefit
,,no benefit
,,no benefit
,,no benefit
,,no benefit
,,no benefit
,,no benefit
,,no benefit
,,no benefit
,,no benefit
,,no benefit
,,no benefit
,,no benefit
,,no benefit
,,no benefit
,,no benefit
,,no benefit
,,no benefit
,,no benefit
,,no benefit
,,no benefit
,,no benefit
,,no benefit
,,no benefit
,,no benefit
,,no benefit
567392.0,15.0,benefit
,,no benefit
,,no benefit
,,no benefit
,,no benefit
,,no benefit
,,no benefit
,,no benefit
,,no benefit
,,no benefit
,,no benefit
,,no benefit
,,no benefit
,,no benefit
,,no benefit
,,no benefit
,,no benefit
,,no benefit
,,no benefit
,,no benefit
,,no benefit
,,no benefit
,,no benefit
,,no benefit
,,no benefit
,,no benefit
,,no benefit
,,no benefit
,,no benefit
,,no benefit
,,no benefit
,,no benefit
,,no benefit
,,no benefit
,,no benefit
,,no benefit
,,no benefit
,,no benefit
,,no benefit
,,no benefit
,,no benefit
,,no benefit
,,no benefit
,,no benefit
,,no benefit
,,no benefit
,,no benefit
,,no benefit
,,no benefit
,,no benefit
,,no benefit
,,no benefit
,,no benefit
,,no benefit
,,no benefit
,,no benefit
,,no benefit
,,no benefit
,,no benefit
,,no benefit
,,no benefit
,,no benefit
,,no benefit
,,no benefit
,,no benefit
,,no benefit
,,no benefit
,,no benefit
,,no benefit
,,no benefit
,,no benefit
,,no benefit
,,no benefit
,,no benefit
562479.0,127.0,benefit
,,no benefit
,,no benefit
565397.0,-1.0,no benefit
,,no benefit
,,no benefit
,,no benefit
563458.0,-24.0,no benefit
,,no benefit
,,no benefit
,,no benefit
,,no benefit
,,no benefit
,,no benefit
,,no benefit
,,no benefit
,,no benefit
,,no benefit
,,no benefit
,,no benefit
,,no benefit
,,no benefit
,,no benefit
,,no benefit
,,no benefit
,,no benefit
,,no benefit
560844.0,72.0,benefit
,,no benefit
,,no benefit
554676.0,-8.0,no benefit
,,no benefit
,,no benefit
,,no benefit
,,no benefit
,,no benefit
561125.0,-110.0,no benefit
566099.0,123.0,benefit
,,no benefit
,,no benefit
,,no benefit
,,no benefit
,,no benefit
,,no benefit
,,no benefit
,,no benefit
,,no benefit
,,no benefit
,,no benefit
,,no benefit
,,no benefit
,,no benefit
,,no benefit
,,no benefit
,,no benefit
,,no benefit
,,no benefit
,,no benefit
565754.0,-22.0,no benefit
,,no benefit
,,no benefit
,,no benefit
571453.0,-14.0,no benefit
,,no benefit
,,no benefit
,,no benefit
,,no benefit
537243.0,242.0,benefit
,,no benefit
,,no benefit
,,no benefit
,,no benefit
,,no benefit
,,no benefit
,,no benefit
,,no benefit
,,no benefit
,,no benefit
,,no benefit
,,no benefit
,,no benefit
,,no benefit
529169.0,1.0,benefit
,,no benefit
,,no benefit
,,no benefit
,,no benefit
,,no benefit
567467.0,6.0,benefit
,,no benefit
,,no benefit
,,no benefit
,,no benefit
,,no benefit
,,no benefit
,,no benefit
,,no benefit
,,no benefit
,,no benefit
,,no benefit
,,no benefit
,,no benefit
,,no benefit
,,no benefit
,,no benefit
,,no benefit
,,no benefit
,,no benefit
,,no benefit
,,no benefit
563130.0,-19.0,no benefit
,,no benefit
,,no benefit
,,no benefit
,,no benefit
,,no benefit
,,no benefit
,,no benefit
,,no benefit
,,no benefit
,,no benefit
,,no benefit
,,no benefit
562806.0,16.0,benefit
,,no benefit
,,no benefit
,,no benefit
564217.0,44.0,benefit
,,no benefit
,,no benefit
,,no benefit
,,no benefit
,,no benefit
,,no benefit
,,no benefit
,,no benefit
,,no benefit
,,no benefit
,,no benefit
,,no benefit
574151.0,3.0,benefit
,,no benefit
,,no benefit
530691.0,8.0,benefit
,,no benefit
,,no benefit
,,no benefit
,,no benefit
,,no benefit
,,no benefit
,,no benefit
571574.0,-44.0,no benefit
,,no benefit
,,no benefit
,,no benefit
,,no benefit
,,no benefit
,,no benefit
,,no benefit
,,no benefit
,,no benefit
,,no benefit
,,no benefit
,,no benefit
,,no benefit
,,no benefit
537171.0,17.0,benefit
,,no benefit
,,no benefit
,,no benefit
,,no benefit
,,no benefit
,,no benefit
,,no benefit
,,no benefit
,,no benefit
,,no benefit
,,no benefit
,,no benefit
,,no benefit
,,no benefit
,,no benefit
,,no benefit
,,no benefit
,,no benefit
,,no benefit
,,no benefit
554952.0,-65.0,no benefit
,,no benefit
,,no benefit
,,no benefit
,,no benefit
,,no benefit
,,no benefit
,,no benefit
,,no benefit
,,no benefit
,,no benefit
,,no benefit
,,no benefit
,,no benefit
,,no benefit
,,no benefit
,,no benefit
,,no benefit
,,no benefit
,,no benefit
,,no benefit
,,no benefit
,,no benefit
,,no benefit
,,no benefit
,,no benefit
,,no benefit
,,no benefit
,,no benefit
,,no benefit
,,no benefit
,,no benefit
,,no benefit
,,no benefit
,,no benefit
,,no benefit
,,no benefit
,,no benefit
,,no benefit
,,no benefit
,,no benefit
,,no benefit
,,no benefit
,,no benefit
,,no benefit
,,no benefit
,,no benefit
,,no benefit
,,no benefit
566039.0,8.0,benefit
,,no benefit
,,no benefit
,,no benefit
,,no benefit
,,no benefit
557068.0,30.0,benefit
,,no benefit
565109.0,-956.0,no benefit
,,no benefit
,,no benefit
,,no benefit
,,no benefit
,,no benefit
,,no benefit
,,no benefit
,,no benefit
,,no benefit
,,no benefit
,,no benefit
,,no benefit
,,no benefit
,,no benefit
,,no benefit
,,no benefit
,,no benefit
,,no benefit
551401.0,-2938.0,no benefit
,,no benefit
,,no benefit
,,no benefit
,,no benefit
,,no benefit
,,no benefit
,,no benefit
567346.0,-4.0,no benefit
,,no benefit
,,no benefit
,,no benefit
,,no benefit
,,no benefit
,,no benefit
,,no benefit
,,no benefit
,,no benefit
,,no benefit
,,no benefit
,,no benefit
,,no benefit
,,no benefit
,,no benefit
572793.0,206.0,benefit
,,no benefit
,,no benefit
,,no benefit
,,no benefit
,,no benefit
,,no benefit
537244.0,-17.0,no benefit
,,no benefit
,,no benefit
,,no benefit
,,no benefit
,,no benefit
,,no benefit
,,no benefit
,,no benefit
,,no benefit
,,no benefit
,,no benefit
,,no benefit
,,no benefit
,,no benefit
,,no benefit
,,no benefit
,,no benefit
,,no benefit
,,no benefit
,,no benefit
544326.0,-62.0,no benefit
,,no benefit
,,no benefit
,,no benefit
,,no benefit
,,no benefit
,,no benefit
545068.0,-31.0,no benefit
,,no benefit
,,no benefit
,,no benefit
,,no benefit
,,no benefit
,,no benefit
,,no benefit
,,no benefit
,,no benefit
,,no benefit
,,no benefit
,,no benefit
,,no benefit
,,no benefit
,,no benefit
,,no benefit
,,no benefit
,,no benefit
506069.0,159.0,benefit
,,no benefit
534205.0,-14.0,no benefit
,,no benefit
,,no benefit
,,no benefit
,,no benefit
542867.0,-14.0,no benefit
,,no benefit
,,no benefit
,,no benefit
,,no benefit
556565.0,-28.0,no benefit
,,no benefit
,,no benefit
,,no benefit
,,no benefit
,,no benefit
,,no benefit
,,no benefit
,,no benefit
,,no benefit
,,no benefit
,,no benefit
,,no benefit
,,no benefit
,,no benefit
,,no benefit
,,no benefit
,,no benefit
,,no benefit
,,no benefit
,,no benefit
,,no benefit
,,no benefit
,,no benefit
,,no benefit
,,no benefit
,,no benefit
,,no benefit
,,no benefit
,,no benefit
,,no benefit
,,no benefit
537405.0,95.0,benefit
,,no benefit
,,no benefit
,,no benefit
,,no benefit
,,no benefit
,,no benefit
,,no benefit
,,no benefit
551169.0,58.0,benefit
,,no benefit
,,no benefit
535195.0,-825.0,no benefit
,,no benefit
,,no benefit
,,no benefit
,,no benefit
537496.0,47.0,benefit
,,no benefit
542942.0,-106.0,no benefit
,,no benefit
,,no benefit
,,no benefit
,,no benefit
,,no benefit
,,no benefit
,,no benefit
,,no benefit
,,no benefit
,,no benefit
,,no benefit
,,no benefit
,,no benefit
546021.0,-5.0,no benefit
,,no benefit
,,no benefit
,,no benefit
,,no benefit
,,no benefit
,,no benefit
,,no benefit
,,no benefit
,,no benefit
,,no benefit
,,no benefit
,,no benefit
,,no benefit
,,no benefit
536671.0,-12.0,no benefit
,,no benefit
,,no benefit
,,no benefit
,,no benefit
,,no benefit
549907.0,4.0,benefit
,,no benefit
,,no benefit
,,no benefit
560801.0,3.0,benefit
,,no benefit
,,no benefit
,,no benefit
,,no benefit
,,no benefit
,,no benefit
,,no benefit
,,no benefit
547755.0,62.0,benefit
,,no benefit
,,no benefit
,,no benefit
,,no benefit
,,no benefit
,,no benefit
,,no benefit
,,no benefit
,,no benefit
,,no benefit
,,no benefit
,,no benefit
,,no benefit
,,no benefit
,,no benefit
,,no benefit
,,no benefit
,,no benefit
,,no benefit
,,no benefit
,,no benefit
,,no benefit
548698.0,13.0,benefit
,,no benefit
,,no benefit
,,no benefit
,,no benefit
,,no benefit
,,no benefit
,,no benefit
,,no benefit
,,no benefit
,,no benefit
,,no benefit
,,no benefit
,,no benefit
,,no benefit
,,no benefit
,,no benefit
,,no benefit
,,no benefit
,,no benefit
,,no benefit
,,no benefit
,,no benefit
,,no benefit
,,no benefit
,,no benefit
,,no benefit
,,no benefit
,,no benefit
,,no benefit
,,no benefit
,,no benefit
,,no benefit
,,no benefit
,,no benefit
,,no benefit
,,no benefit
,,no benefit
,,no benefit
,,no benefit
,,no benefit
,,no benefit
,,no benefit
550998.0,-56.0,no benefit
546597.0,-69.0,no benefit
550875.0,-129.0,no benefit
,,no benefit
,,no benefit
,,no benefit
,,no benefit
,,no benefit
549512.0,-165.0,no benefit
,,no benefit
,,no benefit
,,no benefit
,,no benefit
,,no benefit
,,no benefit
528643.0,13.0,benefit
,,no benefit
548050.0,-538.0,no benefit
,,no benefit
,,no benefit
,,no benefit
,,no benefit
,,no benefit
,,no benefit
,,no benefit
,,no benefit
,,no benefit
,,no benefit
,,no benefit
,,no benefit
545384.0,31.0,benefit
,,no benefit
,,no benefit
,,no benefit
,,no benefit
545485.0,51.0,benefit
,,no benefit
,,no benefit
,,no benefit
,,no benefit
,,no benefit
,,no benefit
,,no benefit
,,no benefit
,,no benefit
,,no benefit
,,no benefit
,,no benefit
,,no benefit
,,no benefit
,,no benefit
,,no benefit
,,no benefit
,,no benefit
,,no benefit
549756.0,3.0,benefit
,,no benefit
,,no benefit
,,no benefit
,,no benefit
,,no benefit
,,no benefit
,,no benefit
,,no benefit
,,no benefit
,,no benefit
,,no benefit
,,no benefit
,,no benefit
547238.0,-652.0,no benefit
,,no benefit
,,no benefit
,,no benefit
,,no benefit
,,no benefit
,,no benefit
,,no benefit
,,no benefit
,,no benefit
,,no benefit
,,no benefit
,,no benefit
,,no benefit
,,no benefit
,,no benefit
,,no benefit
,,no benefit
546447.0,-22.0,no benefit
,,no benefit
,,no benefit
,,no benefit
,,no benefit
,,no benefit
,,no benefit
,,no benefit
,,no benefit
,,no benefit
,,no benefit
,,no benefit
,,no benefit
,,no benefit
,,no benefit
,,no benefit
,,no benefit
,,no benefit
,,no benefit
548225.0,184.0,benefit
,,no benefit
,,no benefit
,,no benefit
,,no benefit
,,no benefit
,,no benefit
,,no benefit
,,no benefit
,,no benefit
549401.0,-5.0,no benefit
,,no benefit
,,no benefit
,,no benefit
,,no benefit
,,no benefit
,,no benefit
,,no benefit
,,no benefit
,,no benefit
,,no benefit
,,no benefit
,,no benefit
,,no benefit
,,no benefit
,,no benefit
,,no benefit
,,no benefit
,,no benefit
,,no benefit
,,no benefit
,,no benefit
,,no benefit
,,no benefit
,,no benefit
,,no benefit
,,no benefit
,,no benefit
,,no benefit
,,no benefit
,,no benefit
,,no benefit
,,no benefit
,,no benefit
,,no benefit
,,no benefit
,,no benefit
,,no benefit
,,no benefit
537514.0,20.0,benefit
,,no benefit
,,no benefit
,,no benefit
,,no benefit
,,no benefit
,,no benefit
,,no benefit
,,no benefit
,,no benefit
,,no benefit
,,no benefit
533896.0,265.0,benefit
,,no benefit
,,no benefit
,,no benefit
,,no benefit
,,no benefit
,,no benefit
,,no benefit
,,no benefit
,,no benefit
,,no benefit
,,no benefit
,,no benefit
,,no benefit
,,no benefit
,,no benefit
,,no benefit
555971.0,-30.0,no benefit
561304.0,-75.0,no benefit
,,no benefit
,,no benefit
,,no benefit
,,no benefit
,,no benefit
518025.0,132.0,benefit
,,no benefit
,,no benefit
,,no benefit
,,no benefit
,,no benefit
,,no benefit
,,no benefit
,,no benefit
,,no benefit
,,no benefit
,,no benefit
,,no benefit
,,no benefit
,,no benefit
,,no benefit
,,no benefit
,,no benefit
,,no benefit
,,no benefit
,,no benefit
,,no benefit
539104.0,-29.0,no benefit
,,no benefit
549939.0,-112.0,no benefit
,,no benefit
,,no benefit
,,no benefit
,,no benefit
,,no benefit
,,no benefit
,,no benefit
,,no benefit
,,no benefit
,,no benefit
,,no benefit
550704.0,-2.0,no benefit
,,no benefit
,,no benefit
,,no benefit
,,no benefit
,,no benefit
,,no benefit
,,no benefit
,,no benefit
,,no benefit
,,no benefit
,,no benefit
,,no benefit
,,no benefit
,,no benefit
,,no benefit
,,no benefit
,,no benefit
,,no benefit
,,no benefit
,,no benefit
,,no benefit
,,no benefit
,,no benefit
,,no benefit
,,no benefit
,,no benefit
550102.0,-37.0,no benefit
545980.0,1.0,benefit
,,no benefit
,,no benefit
,,no benefit
,,no benefit
,,no benefit
,,no benefit
,,no benefit
,,no benefit
,,no benefit
,,no benefit
,,no benefit
,,no benefit
,,no benefit
,,no benefit
,,no benefit
,,no benefit
,,no benefit
543629.0,72.0,benefit
,,no benefit
,,no benefit
,,no benefit
,,no benefit
,,no benefit
,,no benefit
,,no benefit
,,no benefit
,,no benefit
,,no benefit
,,no benefit
542394.0,-9.0,no benefit
,,no benefit
,,no benefit
,,no benefit
,,no benefit
,,no benefit
,,no benefit
,,no benefit
537097.0,-722.0,no benefit
,,no benefit
,,no benefit
539938.0,144.0,benefit
,,no benefit
540040.0,89.0,benefit
,,no benefit
539422.0,92.0,benefit
,,no benefit
550224.0,-7.0,no benefit
,,no benefit
,,no benefit
,,no benefit
,,no benefit
,,no benefit
,,no benefit
,,no benefit
,,no benefit
,,no benefit
,,no benefit
,,no benefit
,,no benefit
,,no benefit
,,no benefit
,,no benefit
,,no benefit
,,no benefit
,,no benefit
,,no benefit
,,no benefit
560879.0,21.0,benefit
,,no benefit
,,no benefit
,,no benefit
,,no benefit
565648.0,-179.0,no benefit
548202.0,29.0,benefit
,,no benefit
,,no benefit
,,no benefit
,,no benefit
543980.0,-42.0,no benefit
,,no benefit
,,no benefit
539618.0,101.0,benefit
,,no benefit
,,no benefit
,,no benefit
544679.0,51.0,benefit
,,no benefit
546533.0,-276.0,no benefit
,,no benefit
,,no benefit
,,no benefit
,,no benefit
,,no benefit
,,no benefit
,,no benefit
,,no benefit
,,no benefit
,,no benefit
,,no benefit
,,no benefit
,,no benefit
,,no benefit
,,no benefit
,,no benefit
,,no benefit
,,no benefit
,,no benefit
,,no benefit
,,no benefit
,,no benefit
,,no benefit
,,no benefit
544336.0,-16.0,no benefit
,,no benefit
,,no benefit
,,no benefit
,,no benefit
,,no benefit
,,no benefit
,,no benefit
,,no benefit
,,no benefit
,,no benefit
,,no benefit
,,no benefit
,,no benefit
,,no benefit
,,no benefit
,,no benefit
,,no benefit
,,no benefit
,,no benefit
,,no benefit
,,no benefit
,,no benefit
542010.0,-13.0,no benefit
,,no benefit
,,no benefit
,,no benefit
,,no benefit
,,no benefit
,,no benefit
,,no benefit
,,no benefit
,,no benefit
,,no benefit
568490.0,105.0,benefit
,,no benefit
,,no benefit
,,no benefit
,,no benefit
,,no benefit
,,no benefit
,,no benefit
,,no benefit
,,no benefit
,,no benefit
,,no benefit
541049.0,82.0,benefit
,,no benefit
,,no benefit
,,no benefit
,,no benefit
,,no benefit
,,no benefit
,,no benefit
,,no benefit
,,no benefit
,,no benefit
,,no benefit
,,no benefit
,,no benefit
,,no benefit
,,no benefit
,,no benefit
,,no benefit
,,no benefit
,,no benefit
,,no benefit
,,no benefit
,,no benefit
,,no benefit
,,no benefit
,,no benefit
,,no benefit
,,no benefit
,,no benefit
,,no benefit
,,no benefit
,,no benefit
,,no benefit
,,no benefit
,,no benefit
,,no benefit
,,no benefit
557231.0,64.0,benefit
,,no benefit
,,no benefit
,,no benefit
,,no benefit
,,no benefit
549703.0,-51.0,no benefit
,,no benefit
,,no benefit
,,no benefit
,,no benefit
,,no benefit
,,no benefit
,,no benefit
,,no benefit
,,no benefit
,,no benefit
,,no benefit
,,no benefit
547273.0,32.0,benefit
,,no benefit
,,no benefit
,,no benefit
,,no benefit
,,no benefit
,,no benefit
,,no benefit
,,no benefit
,,no benefit
,,no benefit
,,no benefit
,,no benefit
538630.0,2.0,benefit
,,no benefit
,,no benefit
,,no benefit
,,no benefit
,,no benefit
,,no benefit
,,no benefit
,,no benefit
,,no benefit
,,no benefit
547277.0,-42.0,no benefit
,,no benefit
,,no benefit
,,no benefit
,,no benefit
,,no benefit
,,no benefit
,,no benefit
,,no benefit
,,no benefit
,,no benefit
,,no benefit
,,no benefit
,,no benefit
537439.0,-181.0,no benefit
,,no benefit
,,no benefit
,,no benefit
,,no benefit
,,no benefit
,,no benefit
,,no benefit
,,no benefit
,,no benefit
,,no benefit
532833.0,22.0,benefit
535647.0,-89.0,no benefit
,,no benefit
537304.0,-5.0,no benefit
,,no benefit
,,no benefit
,,no benefit
,,no benefit
,,no benefit
,,no benefit
,,no benefit
,,no benefit
,,no benefit
,,no benefit
,,no benefit
,,no benefit
,,no benefit
,,no benefit
529134.0,22.0,benefit
551678.0,-202.0,no benefit
,,no benefit
,,no benefit
547969.0,-52.0,no benefit
,,no benefit
544328.0,20.0,benefit
,,no benefit
,,no benefit
,,no benefit
,,no benefit
,,no benefit
,,no benefit
,,no benefit
,,no benefit
,,no benefit
,,no benefit
,,no benefit
,,no benefit
,,no benefit
,,no benefit
,,no benefit
,,no benefit
555708.0,-95.0,no benefit
,,no benefit
,,no benefit
,,no benefit
,,no benefit
,,no benefit
,,no benefit
,,no benefit
,,no benefit
,,no benefit
,,no benefit
,,no benefit
,,no benefit
,,no benefit
,,no benefit
,,no benefit
541826.0,97.0,benefit
,,no benefit
,,no benefit
,,no benefit
,,no benefit
,,no benefit
,,no benefit
559873.0,79.0,benefit
,,no benefit
566587.0,39.0,benefit
,,no benefit
571324.0,-294.0,no benefit
,,no benefit
,,no benefit
,,no benefit
,,no benefit
,,no benefit
,,no benefit
,,no benefit
,,no benefit
,,no benefit
,,no benefit
,,no benefit
,,no benefit
574571.0,-54.0,no benefit
,,no benefit
,,no benefit
,,no benefit
,,no benefit
,,no benefit
,,no benefit
,,no benefit
570241.0,-244.0,no benefit
,,no benefit
,,no benefit
,,no benefit
,,no benefit
571546.0,23.0,benefit
,,no benefit
,,no benefit
,,no benefit
,,no benefit
,,no benefit
,,no benefit
,,no benefit
,,no benefit
,,no benefit
550197.0,-3.0,no benefit
,,no benefit
,,no benefit
549505.0,46.0,benefit
,,no benefit
,,no benefit
,,no benefit
,,no benefit
,,no benefit
,,no benefit
,,no benefit
,,no benefit
,,no benefit
,,no benefit
567177.0,-422.0,no benefit
,,no benefit
,,no benefit
,,no benefit
,,no benefit
,,no benefit
,,no benefit
,,no benefit
,,no benefit
,,no benefit
551334.0,32.0,benefit
,,no benefit
,,no benefit
,,no benefit
,,no benefit
,,no benefit
551688.0,541.0,benefit
,,no benefit
531664.0,4.0,benefit
,,no benefit
,,no benefit
,,no benefit
,,no benefit
553429.0,72.0,benefit
,,no benefit
,,no benefit
,,no benefit
,,no benefit
,,no benefit
,,no benefit
,,no benefit
,,no benefit
,,no benefit
547316.0,16.0,benefit
,,no benefit
,,no benefit
,,no benefit
,,no benefit
,,no benefit
,,no benefit
,,no benefit
,,no benefit
,,no benefit
,,no benefit
556984.0,38.0,benefit
,,no benefit
545294.0,-117.0,no benefit
,,no benefit
552721.0,-93.0,no benefit
,,no benefit
,,no benefit
,,no benefit
,,no benefit
,,no benefit
,,no benefit
,,no benefit
,,no benefit
,,no benefit
538281.0,12.0,benefit
,,no benefit
,,no benefit
,,no benefit
,,no benefit
,,no benefit
,,no benefit
,,no benefit
,,no benefit
,,no benefit
,,no benefit
,,no benefit
,,no benefit
,,no benefit
,,no benefit
,,no benefit
,,no benefit
,,no benefit
,,no benefit
,,no benefit
,,no benefit
,,no benefit
,,no benefit
,,no benefit
546357.0,-4.0,no benefit
,,no benefit
,,no benefit
,,no benefit
,,no benefit
,,no benefit
,,no benefit
,,no benefit
,,no benefit
,,no benefit
,,no benefit
,,no benefit
,,no benefit
523194.0,-163.0,no benefit
,,no benefit
,,no benefit
,,no benefit
,,no benefit
,,no benefit
,,no benefit
,,no benefit
,,no benefit
,,no benefit
,,no benefit
,,no benefit
,,no benefit
,,no benefit
,,no benefit
,,no benefit
,,no benefit
,,no benefit
,,no benefit
,,no benefit
,,no benefit
,,no benefit
,,no benefit
,,no benefit
,,no benefit
,,no benefit
,,no benefit
,,no benefit
,,no benefit
,,no benefit
,,no benefit
,,no benefit
,,no benefit
,,no benefit
,,no benefit
541998.0,-147.0,no benefit
,,no benefit
,,no benefit
,,no benefit
,,no benefit
,,no benefit
,,no benefit
,,no benefit
,,no benefit
,,no benefit
,,no benefit
,,no benefit
,,no benefit
,,no benefit
,,no benefit
,,no benefit
,,no benefit
,,no benefit
,,no benefit
,,no benefit
,,no benefit
,,no benefit
,,no benefit
,,no benefit
,,no benefit
,,no benefit
,,no benefit
,,no benefit
,,no benefit
,,no benefit
,,no benefit
,,no benefit
,,no benefit
546439.0,-95.0,no benefit
,,no benefit
,,no benefit
,,no benefit
,,no benefit
,,no benefit
,,no benefit
,,no benefit
,,no benefit
,,no benefit
,,no benefit
,,no benefit
,,no benefit
,,no benefit
,,no benefit
,,no benefit
,,no benefit
,,no benefit
,,no benefit
,,no benefit
,,no benefit
,,no benefit
,,no benefit
,,no benefit
,,no benefit
,,no benefit
,,no benefit
,,no benefit
,,no benefit
,,no benefit
,,no benefit
,,no benefit
,,no benefit
,,no benefit
,,no benefit
,,no benefit
,,no benefit
,,no benefit
545344.0,-8.0,no benefit
,,no benefit
,,no benefit
,,no benefit
541885.0,38.0,benefit
,,no benefit
,,no benefit
,,no benefit
,,no benefit
,,no benefit
,,no benefit
,,no benefit
,,no benefit
,,no benefit
,,no benefit
,,no benefit
,,no benefit
,,no benefit
,,no benefit
,,no benefit
540077.0,-20.0,no benefit
,,no benefit
,,no benefit
,,no benefit
,,no benefit
,,no benefit
,,no benefit
,,no benefit
,,no benefit
,,no benefit
,,no benefit
,,no benefit
,,no benefit
,,no benefit
,,no benefit
,,no benefit
,,no benefit
,,no benefit
,,no benefit
,,no benefit
,,no benefit
,,no benefit
547177.0,-548.0,no benefit
,,no benefit
,,no benefit
,,no benefit
545768.0,-27.0,no benefit
,,no benefit
,,no benefit
546472.0,310.0,benefit
548000.0,4.0,benefit
,,no benefit
,,no benefit
,,no benefit
,,no benefit
,,no benefit
,,no benefit
,,no benefit
,,no benefit
,,no benefit
,,no benefit
,,no benefit
,,no benefit
,,no benefit
,,no benefit
,,no benefit
,,no benefit
,,no benefit
,,no benefit
549196.0,-32.0,no benefit
546350.0,-12.0,no benefit
,,no benefit
,,no benefit
,,no benefit
,,no benefit
,,no benefit
,,no benefit
,,no benefit
,,no benefit
,,no benefit
,,no benefit
,,no benefit
,,no benefit
,,no benefit
,,no benefit
,,no benefit
,,no benefit
,,no benefit
,,no benefit
559401.0,-84.0,no benefit
,,no benefit
,,no benefit
,,no benefit
,,no benefit
,,no benefit
,,no benefit
,,no benefit
,,no benefit
,,no benefit
,,no benefit
,,no benefit
,,no benefit
,,no benefit
544486.0,10.0,benefit
,,no benefit
,,no benefit
,,no benefit
,,no benefit
,,no benefit
,,no benefit
,,no benefit
,,no benefit
,,no benefit
,,no benefit
,,no benefit
,,no benefit
,,no benefit
,,no benefit
,,no benefit
,,no benefit
,,no benefit
,,no benefit
533303.0,-340.0,no benefit
,,no benefit
,,no benefit
,,no benefit
,,no benefit
,,no benefit
,,no benefit
,,no benefit
,,no benefit
,,no benefit
,,no benefit
,,no benefit
,,no benefit
,,no benefit
,,no benefit
,,no benefit
513941.0,64.0,benefit
,,no benefit
,,no benefit
,,no benefit
543278.0,-46.0,no benefit
,,no benefit
,,no benefit
,,no benefit
,,no benefit
,,no benefit
,,no benefit
,,no benefit
,,no benefit
,,no benefit
,,no benefit
,,no benefit
,,no benefit
559060.0,-50.0,no benefit
,,no benefit
,,no benefit
,,no benefit
,,no benefit
,,no benefit
,,no benefit
,,no benefit
,,no benefit
,,no benefit
,,no benefit
,,no benefit
,,no benefit
,,no benefit
,,no benefit
,,no benefit
,,no benefit
552180.0,13.0,benefit
,,no benefit
,,no benefit
,,no benefit
,,no benefit
,,no benefit
,,no benefit
,,no benefit
,,no benefit
,,no benefit
,,no benefit
,,no benefit
,,no benefit
,,no benefit
,,no benefit
,,no benefit
,,no benefit
,,no benefit
,,no benefit
,,no benefit
,,no benefit
,,no benefit
,,no benefit
,,no benefit
,,no benefit
,,no benefit
,,no benefit
,,no benefit
,,no benefit
557974.0,596.0,benefit
,,no benefit
,,no benefit
,,no benefit
,,no benefit
,,no benefit
,,no benefit
553278.0,-32.0,no benefit
,,no benefit
,,no benefit
,,no benefit
,,no benefit
,,no benefit
,,no benefit
,,no benefit
,,no benefit
,,no benefit
531363.0,-37.0,no benefit
,,no benefit
,,no benefit
,,no benefit
,,no benefit
,,no benefit
550502.0,-79.0,no benefit
,,no benefit
,,no benefit
,,no benefit
,,no benefit
,,no benefit
,,no benefit
,,no benefit
,,no benefit
,,no benefit
,,no benefit
,,no benefit
,,no benefit
559594.0,-408.0,no benefit
,,no benefit
557193.0,-35.0,no benefit
,,no benefit
,,no benefit
,,no benefit
,,no benefit
,,no benefit
,,no benefit
,,no benefit
,,no benefit
,,no benefit
,,no benefit
,,no benefit
,,no benefit
,,no benefit
,,no benefit
,,no benefit
,,no benefit
,,no benefit
,,no benefit
,,no benefit
,,no benefit
556469.0,231.0,benefit
,,no benefit
,,no benefit
,,no benefit
,,no benefit
,,no benefit
,,no benefit
,,no benefit
,,no benefit
,,no benefit
,,no benefit
,,no benefit
,,no benefit
,,no benefit
,,no benefit
,,no benefit
,,no benefit
,,no benefit
,,no benefit
,,no benefit
,,no benefit
,,no benefit
556725.0,-633.0,no benefit
,,no benefit
,,no benefit
562535.0,-42.0,no benefit
,,no benefit
,,no benefit
,,no benefit
,,no benefit
,,no benefit
,,no benefit
,,no benefit
,,no benefit
,,no benefit
,,no benefit
,,no benefit
,,no benefit
,,no benefit
,,no benefit
,,no benefit
,,no benefit
,,no benefit
,,no benefit
,,no benefit
,,no benefit
,,no benefit
,,no benefit
,,no benefit
,,no benefit
,,no benefit
,,no benefit
,,no benefit
,,no benefit
,,no benefit
,,no benefit
,,no benefit
,,no benefit
,,no benefit
,,no benefit
,,no benefit
,,no benefit
,,no benefit
,,no benefit
,,no benefit
,,no benefit
,,no benefit
,,no benefit
,,no benefit
,,no benefit
,,no benefit
,,no benefit
,,no benefit
,,no benefit
,,no benefit
,,no benefit
,,no benefit
,,no benefit
565280.0,-137.0,no benefit
,,no benefit
,,no benefit
,,no benefit
,,no benefit
,,no benefit
,,no benefit
562153.0,50.0,benefit
,,no benefit
,,no benefit
,,no benefit
,,no benefit
,,no benefit
,,no benefit
,,no benefit
,,no benefit
,,no benefit
564926.0,-484.0,no benefit
562653.0,158.0,benefit
567764.0,-33.0,no benefit
567477.0,0.0,no benefit
,,no benefit
,,no benefit
,,no benefit
,,no benefit
,,no benefit
,,no benefit
,,no benefit
,,no benefit
,,no benefit
,,no benefit
,,no benefit
,,no benefit
,,no benefit
,,no benefit
,,no benefit
,,no benefit
550290.0,17.0,benefit
,,no benefit
,,no benefit
,,no benefit
,,no benefit
,,no benefit
,,no benefit
,,no benefit
,,no benefit
,,no benefit
,,no benefit
,,no benefit
,,no benefit
,,no benefit
,,no benefit
,,no benefit
,,no benefit
,,no benefit
557408.0,7.0,benefit
,,no benefit
,,no benefit
,,no benefit
,,no benefit
,,no benefit
,,no benefit
,,no benefit
,,no benefit
553964.0,-707.0,no benefit
,,no benefit
,,no benefit
,,no benefit
,,no benefit
,,no benefit
552359.0,-118.0,no benefit
,,no benefit
,,no benefit
,,no benefit
,,no benefit
,,no benefit
,,no benefit
,,no benefit
,,no benefit
,,no benefit
,,no benefit
,,no benefit
,,no benefit
,,no benefit
,,no benefit
563536.0,-255.0,no benefit
,,no benefit
,,no benefit
,,no benefit
,,no benefit
,,no benefit
,,no benefit
,,no benefit
,,no benefit
,,no benefit
,,no benefit
,,no benefit
,,no benefit
,,no benefit
,,no benefit
560643.0,20.0,benefit
,,no benefit
,,no benefit
,,no benefit
,,no benefit
,,no benefit
,,no benefit
,,no benefit
,,no benefit
,,no benefit
,,no benefit
,,no benefit
,,no benefit
,,no benefit
,,no benefit
,,no benefit
,,no benefit
,,no benefit
,,no benefit
,,no benefit
,,no benefit
,,no benefit
,,no benefit
,,no benefit
,,no benefit
,,no benefit
562932.0,105.0,benefit
,,no benefit
563613.0,11.0,benefit
,,no benefit
,,no benefit
,,no benefit
,,no benefit
,,no benefit
,,no benefit
,,no benefit
,,no benefit
,,no benefit
,,no benefit
,,no benefit
,,no benefit
,,no benefit
,,no benefit
,,no benefit
,,no benefit
,,no benefit
,,no benefit
,,no benefit
,,no benefit
,,no benefit
,,no benefit
,,no benefit
,,no benefit
,,no benefit
,,no benefit
558049.0,32.0,benefit
,,no benefit
,,no benefit
,,no benefit
544853.0,-14.0,no benefit
,,no benefit
,,no benefit
,,no benefit
,,no benefit
515060.0,452.0,benefit
,,no benefit
554124.0,-9.0,no benefit
,,no benefit
,,no benefit
,,no benefit
,,no benefit
,,no benefit
,,no benefit
,,no benefit
,,no benefit
537821.0,-55.0,no benefit
,,no benefit
,,no benefit
,,no benefit
,,no benefit
,,no benefit
,,no benefit
,,no benefit
,,no benefit
555581.0,250.0,benefit
,,no benefit
,,no benefit
,,no benefit
,,no benefit
,,no benefit
,,no benefit
,,no benefit
,,no benefit
,,no benefit
,,no benefit
,,no benefit
,,no benefit
,,no benefit
551168.0,-31.0,no benefit
,,no benefit
,,no benefit
553955.0,885.0,benefit
,,no benefit
,,no benefit
,,no benefit
,,no benefit
,,no benefit
,,no benefit
,,no benefit
,,no benefit
,,no benefit
,,no benefit
555752.0,119.0,benefit
,,no benefit
,,no benefit
,,no benefit
,,no benefit
563792.0,0.0,no benefit
,,no benefit
,,no benefit
547231.0,-1.0,no benefit
,,no benefit
,,no benefit
,,no benefit
,,no benefit
,,no benefit
,,no benefit
,,no benefit
,,no benefit
,,no benefit
559887.0,5.0,benefit
,,no benefit
,,no benefit
,,no benefit
,,no benefit
,,no benefit
534854.0,-44.0,no benefit
,,no benefit
536255.0,74.0,benefit
,,no benefit
,,no benefit
,,no benefit
550547.0,-62.0,no benefit
,,no benefit
,,no benefit
,,no benefit
527333.0,15.0,benefit
,,no benefit
,,no benefit
,,no benefit
,,no benefit
,,no benefit
,,no benefit
,,no benefit
,,no benefit
541715.0,-20.0,no benefit
,,no benefit
,,no benefit
542592.0,-428.0,no benefit
,,no benefit
,,no benefit
,,no benefit
,,no benefit
,,no benefit
539674.0,125.0,benefit
,,no benefit
,,no benefit
,,no benefit
,,no benefit
,,no benefit
,,no benefit
,,no benefit
,,no benefit
,,no benefit
,,no benefit
,,no benefit
535365.0,20.0,benefit
,,no benefit
526456.0,-131.0,no benefit
,,no benefit
,,no benefit
,,no benefit
,,no benefit
,,no benefit
,,no benefit
,,no benefit
,,no benefit
,,no benefit
,,no benefit
,,no benefit
,,no benefit
,,no benefit
,,no benefit
,,no benefit
,,no benefit
,,no benefit
,,no benefit
,,no benefit
549808.0,54.0,benefit
,,no benefit
,,no benefit
,,no benefit
560217.0,18.0,benefit
566035.0,-17.0,no benefit
,,no benefit
,,no benefit
,,no benefit
,,no benefit
,,no benefit
553385.0,-71.0,no benefit
,,no benefit
,,no benefit
,,no benefit
,,no benefit
,,no benefit
548718.0,73.0,benefit
,,no benefit
,,no benefit
,,no benefit
,,no benefit
556469.0,231.0,benefit
,,no benefit
,,no benefit
,,no benefit
,,no benefit
,,no benefit
,,no benefit
,,no benefit
,,no benefit
,,no benefit
,,no benefit
,,no benefit
,,no benefit
,,no benefit
554384.0,69.0,benefit
,,no benefit
,,no benefit
,,no benefit
,,no benefit
,,no benefit
,,no benefit
,,no benefit
,,no benefit
,,no benefit
,,no benefit
,,no benefit
,,no benefit
,,no benefit
,,no benefit
,,no benefit
556228.0,1.0,benefit
,,no benefit
,,no benefit
,,no benefit
,,no benefit
,,no benefit
,,no benefit
,,no benefit
,,no benefit
558352.0,-10.0,no benefit
,,no benefit
,,no benefit
,,no benefit
,,no benefit
,,no benefit
,,no benefit
,,no benefit
,,no benefit
,,no benefit
,,no benefit
,,no benefit
,,no benefit
,,no benefit
,,no benefit
,,no benefit
,,no benefit
,,no benefit
,,no benefit
,,no benefit
,,no benefit
,,no benefit
,,no benefit
,,no benefit
,,no benefit
,,no benefit
,,no benefit
,,no benefit
,,no benefit
,,no benefit
,,no benefit
,,no benefit
,,no benefit
,,no benefit
,,no benefit
,,no benefit
,,no benefit
561956.0,-151.0,no benefit
,,no benefit
,,no benefit
,,no benefit
,,no benefit
,,no benefit
,,no benefit
,,no benefit
,,no benefit
555811.0,62.0,benefit
,,no benefit
,,no benefit
,,no benefit
,,no benefit
,,no benefit
560650.0,46.0,benefit
,,no benefit
563616.0,-42.0,no benefit
,,no benefit
,,no benefit
,,no benefit
,,no benefit
,,no benefit
,,no benefit
,,no benefit
,,no benefit
,,no benefit
,,no benefit
,,no benefit
,,no benefit
,,no benefit
,,no benefit
,,no benefit
,,no benefit
,,no benefit
,,no benefit
,,no benefit
,,no benefit
555526.0,52.0,benefit
,,no benefit
,,no benefit
,,no benefit
,,no benefit
,,no benefit
,,no benefit
,,no benefit
,,no benefit
,,no benefit
,,no benefit
,,no benefit
,,no benefit
,,no benefit
,,no benefit
,,no benefit
,,no benefit
,,no benefit
,,no benefit
,,no benefit
527111.0,100.0,benefit
,,no benefit
,,no benefit
,,no benefit
,,no benefit
,,no benefit
,,no benefit
,,no benefit
,,no benefit
,,no benefit
557920.0,7.0,benefit
563920.0,92.0,benefit
,,no benefit
,,no benefit
,,no benefit
,,no benefit
,,no benefit
,,no benefit
,,no benefit
,,no benefit
,,no benefit
,,no benefit
,,no benefit
,,no benefit
,,no benefit
,,no benefit
,,no benefit
,,no benefit
,,no benefit
,,no benefit
,,no benefit
,,no benefit
,,no benefit
,,no benefit
,,no benefit
,,no benefit
,,no benefit
,,no benefit
564691.0,-97.0,no benefit
,,no benefit
,,no benefit
,,no benefit
,,no benefit
,,no benefit
,,no benefit
,,no benefit
,,no benefit
,,no benefit
,,no benefit
566437.0,2.0,benefit
,,no benefit
,,no benefit
,,no benefit
,,no benefit
,,no benefit
565423.0,93.0,benefit
,,no benefit
,,no benefit
,,no benefit
,,no benefit
,,no benefit
,,no benefit
,,no benefit
,,no benefit
,,no benefit
,,no benefit
,,no benefit
,,no benefit
,,no benefit
,,no benefit
,,no benefit
,,no benefit
,,no benefit
,,no benefit
,,no benefit
,,no benefit
559473.0,62.0,benefit
563877.0,79.0,benefit
,,no benefit
,,no benefit
,,no benefit
,,no benefit
,,no benefit
,,no benefit
,,no benefit
,,no benefit
563199.0,4.0,benefit
,,no benefit
,,no benefit
,,no benefit
561111.0,10.0,benefit
,,no benefit
,,no benefit
,,no benefit
,,no benefit
,,no benefit
,,no benefit
,,no benefit
,,no benefit
,,no benefit
,,no benefit
,,no benefit
,,no benefit
,,no benefit
,,no benefit
,,no benefit
,,no benefit
,,no benefit
,,no benefit
,,no benefit
,,no benefit
,,no benefit
,,no benefit
,,no benefit
529051.0,-272.0,no benefit
,,no benefit
,,no benefit
564212.0,-164.0,no benefit
,,no benefit
,,no benefit
,,no benefit
,,no benefit
560375.0,140.0,benefit
567682.0,172.0,benefit
,,no benefit
575013.0,-15.0,no benefit
,,no benefit
,,no benefit
,,no benefit
,,no benefit
,,no benefit
,,no benefit
,,no benefit
,,no benefit
,,no benefit
,,no benefit
,,no benefit
,,no benefit
568249.0,-8.0,no benefit
,,no benefit
,,no benefit
,,no benefit
,,no benefit
,,no benefit
,,no benefit
,,no benefit
,,no benefit
,,no benefit
,,no benefit
,,no benefit
,,no benefit
,,no benefit
,,no benefit
,,no benefit
,,no benefit
,,no benefit
,,no benefit
566110.0,-1102.0,no benefit
,,no benefit
,,no benefit
,,no benefit
,,no benefit
,,no benefit
,,no benefit
,,no benefit
,,no benefit
,,no benefit
,,no benefit
,,no benefit
,,no benefit
565020.0,-123.0,no benefit
,,no benefit
,,no benefit
,,no benefit
,,no benefit
,,no benefit
,,no benefit
,,no benefit
,,no benefit
,,no benefit
,,no benefit
,,no benefit
,,no benefit
,,no benefit
,,no benefit
,,no benefit
,,no benefit
,,no benefit
,,no benefit
,,no benefit
,,no benefit
,,no benefit
,,no benefit
545645.0,-147.0,no benefit
,,no benefit
,,no benefit
,,no benefit
,,no benefit
,,no benefit
,,no benefit
,,no benefit
,,no benefit
,,no benefit
,,no benefit
,,no benefit
,,no benefit
,,no benefit
,,no benefit
,,no benefit
,,no benefit
,,no benefit
,,no benefit
,,no benefit
,,no benefit
,,no benefit
547665.0,55.0,benefit
,,no benefit
,,no benefit
,,no benefit
,,no benefit
,,no benefit
,,no benefit
536523.0,68.0,benefit
,,no benefit
,,no benefit
,,no benefit
,,no benefit
,,no benefit
,,no benefit
,,no benefit
,,no benefit
,,no benefit
,,no benefit
,,no benefit
,,no benefit
552732.0,186.0,benefit
,,no benefit
,,no benefit
,,no benefit
,,no benefit
,,no benefit
,,no benefit
,,no benefit
,,no benefit
,,no benefit
,,no benefit
564510.0,-579.0,no benefit
,,no benefit
,,no benefit
,,no benefit
549759.0,142.0,benefit
,,no benefit
,,no benefit
,,no benefit
,,no benefit
,,no benefit
,,no benefit
,,no benefit
,,no benefit
,,no benefit
,,no benefit
,,no benefit
,,no benefit
,,no benefit
,,no benefit
,,no benefit
,,no benefit
,,no benefit
,,no benefit
,,no benefit
,,no benefit
,,no benefit
,,no benefit
,,no benefit
,,no benefit
572914.0,-11.0,no benefit
,,no benefit
,,no benefit
565219.0,10.0,benefit
,,no benefit
,,no benefit
,,no benefit
,,no benefit
,,no benefit
,,no benefit
,,no benefit
,,no benefit
,,no benefit
,,no benefit
,,no benefit
,,no benefit
,,no benefit
570526.0,23.0,benefit
,,no benefit
,,no benefit
,,no benefit
562635.0,-22.0,no benefit
,,no benefit
,,no benefit
,,no benefit
,,no benefit
,,no benefit
,,no benefit
,,no benefit
536164.0,-76.0,no benefit
,,no benefit
,,no benefit
,,no benefit
,,no benefit
,,no benefit
,,no benefit
,,no benefit
,,no benefit
,,no benefit
,,no benefit
,,no benefit
,,no benefit
,,no benefit
,,no benefit
,,no benefit
,,no benefit
,,no benefit
,,no benefit
,,no benefit
,,no benefit
,,no benefit
,,no benefit
,,no benefit
,,no benefit
,,no benefit
,,no benefit
,,no benefit
,,no benefit
,,no benefit
,,no benefit
,,no benefit
,,no benefit
,,no benefit
,,no benefit
,,no benefit
,,no benefit
,,no benefit
,,no benefit
,,no benefit
,,no benefit
566227.0,-17.0,no benefit
,,no benefit
,,no benefit
548950.0,98.0,benefit
,,no benefit
,,no benefit
,,no benefit
,,no benefit
,,no benefit
,,no benefit
,,no benefit
,,no benefit
,,no benefit
,,no benefit
,,no benefit
,,no benefit
,,no benefit
550185.0,15.0,benefit
529301.0,-308.0,no benefit
546489.0,-533.0,no benefit
,,no benefit
,,no benefit
,,no benefit
,,no benefit
,,no benefit
,,no benefit
,,no benefit
,,no benefit
,,no benefit
,,no benefit
,,no benefit
,,no benefit
,,no benefit
,,no benefit
,,no benefit
,,no benefit
,,no benefit
548975.0,-7.0,no benefit
,,no benefit
549859.0,8.0,benefit
,,no benefit
,,no benefit
,,no benefit
,,no benefit
,,no benefit
,,no benefit
,,no benefit
,,no benefit
,,no benefit
,,no benefit
,,no benefit
,,no benefit
,,no benefit
,,no benefit
,,no benefit
,,no benefit
,,no benefit
,,no benefit
,,no benefit
,,no benefit
,,no benefit
,,no benefit
,,no benefit
,,no benefit
553151.0,-1.0,no benefit
,,no benefit
,,no benefit
,,no benefit
,,no benefit
,,no benefit
,,no benefit
,,no benefit
,,no benefit
,,no benefit
,,no benefit
,,no benefit
,,no benefit
,,no benefit
,,no benefit
527035.0,23.0,benefit
,,no benefit
,,no benefit
,,no benefit
,,no benefit
,,no benefit
,,no benefit
,,no benefit
,,no benefit
,,no benefit
,,no benefit
,,no benefit
552583.0,11.0,benefit
,,no benefit
,,no benefit
,,no benefit
,,no benefit
,,no benefit
,,no benefit
,,no benefit
,,no benefit
550687.0,-139.0,no benefit
,,no benefit
,,no benefit
,,no benefit
,,no benefit
,,no benefit
,,no benefit
,,no benefit
,,no benefit
,,no benefit
,,no benefit
561666.0,-1.0,no benefit
552415.0,-91.0,no benefit
,,no benefit
,,no benefit
,,no benefit
,,no benefit
,,no benefit
,,no benefit
,,no benefit
,,no benefit
,,no benefit
,,no benefit
,,no benefit
,,no benefit
,,no benefit
,,no benefit
,,no benefit
,,no benefit
,,no benefit
,,no benefit
,,no benefit
,,no benefit
,,no benefit
,,no benefit
,,no benefit
,,no benefit
,,no benefit
,,no benefit
,,no benefit
,,no benefit
,,no benefit
,,no benefit
,,no benefit
,,no benefit
,,no benefit
,,no benefit
,,no benefit
,,no benefit
,,no benefit
,,no benefit
,,no benefit
549892.0,23.0,benefit
,,no benefit
,,no benefit
,,no benefit
,,no benefit
546275.0,-663.0,no benefit
,,no benefit
,,no benefit
,,no benefit
,,no benefit
,,no benefit
,,no benefit
,,no benefit
557032.0,8.0,benefit
,,no benefit
,,no benefit
,,no benefit
,,no benefit
,,no benefit
,,no benefit
,,no benefit
,,no benefit
,,no benefit
,,no benefit
,,no benefit
,,no benefit
,,no benefit
,,no benefit
,,no benefit
,,no benefit
,,no benefit
,,no benefit
,,no benefit
,,no benefit
,,no benefit
,,no benefit
,,no benefit
,,no benefit
,,no benefit
,,no benefit
,,no benefit
544811.0,50.0,benefit
,,no benefit
,,no benefit
,,no benefit
,,no benefit
,,no benefit
553742.0,-23.0,no benefit
,,no benefit
,,no benefit
,,no benefit
,,no benefit
556375.0,9.0,benefit
,,no benefit
,,no benefit
,,no benefit
,,no benefit
,,no benefit
,,no benefit
,,no benefit
548564.0,-26.0,no benefit
,,no benefit
,,no benefit
,,no benefit
,,no benefit
,,no benefit
,,no benefit
,,no benefit
,,no benefit
558491.0,25.0,benefit
,,no benefit
,,no benefit
,,no benefit
,,no benefit
,,no benefit
,,no benefit
,,no benefit
,,no benefit
,,no benefit
,,no benefit
,,no benefit
,,no benefit
,,no benefit
,,no benefit
,,no benefit
,,no benefit
551728.0,-56.0,no benefit
,,no benefit
,,no benefit
,,no benefit
,,no benefit
,,no benefit
,,no benefit
,,no benefit
,,no benefit
,,no benefit
,,no benefit
,,no benefit
,,no benefit
532556.0,62.0,benefit
,,no benefit
,,no benefit
,,no benefit
,,no benefit
,,no benefit
562254.0,-6.0,no benefit
,,no benefit
,,no benefit
,,no benefit
,,no benefit
,,no benefit
,,no benefit
,,no benefit
,,no benefit
,,no benefit
565247.0,0.0,no benefit
,,no benefit
,,no benefit
,,no benefit
,,no benefit
,,no benefit
,,no benefit
,,no benefit
,,no benefit
,,no benefit
,,no benefit
,,no benefit
,,no benefit
,,no benefit
,,no benefit
555206.0,42.0,benefit
,,no benefit
,,no benefit
,,no benefit
,,no benefit
,,no benefit
528920.0,83.0,benefit
,,no benefit
,,no benefit
,,no benefit
,,no benefit
,,no benefit
,,no benefit
,,no benefit
,,no benefit
,,no benefit
,,no benefit
,,no benefit
,,no benefit
,,no benefit
,,no benefit
,,no benefit
,,no benefit
,,no benefit
,,no benefit
,,no benefit
,,no benefit
,,no benefit
,,no benefit
,,no benefit
,,no benefit
,,no benefit
,,no benefit
,,no benefit
,,no benefit
532361.0,4.0,benefit
,,no benefit
,,no benefit
,,no benefit
539939.0,75.0,benefit
,,no benefit
,,no benefit
,,no benefit
,,no benefit
,,no benefit
,,no benefit
,,no benefit
,,no benefit
,,no benefit
,,no benefit
,,no benefit
,,no benefit
,,no benefit
,,no benefit
546026.0,2.0,benefit
,,no benefit
,,no benefit
,,no benefit
,,no benefit
,,no benefit
,,no benefit
,,no benefit
,,no benefit
,,no benefit
,,no benefit
,,no benefit
,,no benefit
561162.0,74.0,benefit
,,no benefit
,,no benefit
,,no benefit
,,no benefit
,,no benefit
,,no benefit
,,no benefit
,,no benefit
,,no benefit
566621.0,52.0,benefit
,,no benefit
,,no benefit
,,no benefit
,,no benefit
,,no benefit
564703.0,-28.0,no benefit
,,no benefit
,,no benefit
,,no benefit
,,no benefit
,,no benefit
,,no benefit
,,no benefit
,,no benefit
571310.0,56.0,benefit
,,no benefit
,,no benefit
,,no benefit
,,no benefit
,,no benefit
,,no benefit
,,no benefit
,,no benefit
,,no benefit
,,no benefit
,,no benefit
,,no benefit
,,no benefit
,,no benefit
,,no benefit
,,no benefit
,,no benefit
,,no benefit
,,no benefit
,,no benefit
,,no benefit
,,no benefit
,,no benefit
,,no benefit
,,no benefit
,,no benefit
,,no benefit
,,no benefit
,,no benefit
,,no benefit
,,no benefit
,,no benefit
539540.0,-47.0,no benefit
,,no benefit
,,no benefit
,,no benefit
,,no benefit
,,no benefit
536691.0,84.0,benefit
,,no benefit
,,no benefit
,,no benefit
,,no benefit
,,no benefit
,,no benefit
,,no benefit
,,no benefit
,,no benefit
,,no benefit
,,no benefit
,,no benefit
,,no benefit
,,no benefit
,,no benefit
,,no benefit
535537.0,-102.0,no benefit
541891.0,-12.0,no benefit
,,no benefit
,,no benefit
,,no benefit
,,no benefit
,,no benefit
,,no benefit
,,no benefit
546955.0,25.0,benefit
,,no benefit
540001.0,675.0,benefit
,,no benefit
,,no benefit
,,no benefit
,,no benefit
,,no benefit
,,no benefit
,,no benefit
,,no benefit
,,no benefit
,,no benefit
,,no benefit
,,no benefit
,,no benefit
,,no benefit
,,no benefit
,,no benefit
,,no benefit
,,no benefit
,,no benefit
,,no benefit
,,no benefit
,,no benefit
,,no benefit
,,no benefit
,,no benefit
,,no benefit
,,no benefit
,,no benefit
565493.0,57.0,benefit
,,no benefit
,,no benefit
,,no benefit
571936.0,4.0,benefit
,,no benefit
571038.0,-152.0,no benefit
,,no benefit
,,no benefit
,,no benefit
,,no benefit
,,no benefit
,,no benefit
,,no benefit
,,no benefit
,,no benefit
,,no benefit
,,no benefit
,,no benefit
,,no benefit
,,no benefit
,,no benefit
,,no benefit
,,no benefit
,,no benefit
,,no benefit
,,no benefit
,,no benefit
,,no benefit
,,no benefit
,,no benefit
538723.0,-33.0,no benefit
,,no benefit
,,no benefit
,,no benefit
,,no benefit
,,no benefit
558854.0,45.0,benefit
,,no benefit
,,no benefit
,,no benefit
,,no benefit
,,no benefit
,,no benefit
,,no benefit
,,no benefit
,,no benefit
,,no benefit
,,no benefit
,,no benefit
565100.0,-71.0,no benefit
,,no benefit
,,no benefit
,,no benefit
,,no benefit
,,no benefit
,,no benefit
,,no benefit
,,no benefit
,,no benefit
,,no benefit
,,no benefit
,,no benefit
,,no benefit
,,no benefit
565840.0,-94.0,no benefit
,,no benefit
,,no benefit
,,no benefit
,,no benefit
,,no benefit
,,no benefit
,,no benefit
,,no benefit
,,no benefit
,,no benefit
,,no benefit
,,no benefit
537825.0,5.0,benefit
,,no benefit
,,no benefit
,,no benefit
,,no benefit
,,no benefit
,,no benefit
536579.0,64.0,benefit
,,no benefit
521297.0,-53.0,no benefit
,,no benefit
,,no benefit
,,no benefit
,,no benefit
,,no benefit
,,no benefit
,,no benefit
,,no benefit
539399.0,93.0,benefit
,,no benefit
,,no benefit
,,no benefit
,,no benefit
,,no benefit
,,no benefit
,,no benefit
557397.0,-333.0,no benefit
,,no benefit
,,no benefit
,,no benefit
,,no benefit
,,no benefit
,,no benefit
,,no benefit
543882.0,14.0,benefit
526927.0,44.0,benefit
,,no benefit
,,no benefit
541311.0,-802.0,no benefit
,,no benefit
,,no benefit
,,no benefit
,,no benefit
,,no benefit
548559.0,19.0,benefit
,,no benefit
532682.0,-41.0,no benefit
,,no benefit
,,no benefit
,,no benefit
,,no benefit
,,no benefit
,,no benefit
,,no benefit
,,no benefit
,,no benefit
,,no benefit
,,no benefit
,,no benefit
,,no benefit
,,no benefit
,,no benefit
,,no benefit
,,no benefit
,,no benefit
,,no benefit
,,no benefit
,,no benefit
,,no benefit
,,no benefit
,,no benefit
,,no benefit
,,no benefit
,,no benefit
,,no benefit
,,no benefit
,,no benefit
548865.0,25.0,benefit
,,no benefit
,,no benefit
,,no benefit
,,no benefit
,,no benefit
,,no benefit
546290.0,-36.0,no benefit
549086.0,-58.0,no benefit
,,no benefit
,,no benefit
,,no benefit
,,no benefit
,,no benefit
,,no benefit
,,no benefit
,,no benefit
,,no benefit
547423.0,53.0,benefit
,,no benefit
,,no benefit
,,no benefit
,,no benefit
,,no benefit
,,no benefit
,,no benefit
,,no benefit
,,no benefit
,,no benefit
,,no benefit
,,no benefit
,,no benefit
,,no benefit
,,no benefit
,,no benefit
,,no benefit
,,no benefit
,,no benefit
,,no benefit
554028.0,100.0,benefit
,,no benefit
,,no benefit
,,no benefit
,,no benefit
,,no benefit
,,no benefit
,,no benefit
,,no benefit
,,no benefit
,,no benefit
,,no benefit
,,no benefit
,,no benefit
,,no benefit
,,no benefit
,,no benefit
,,no benefit
,,no benefit
,,no benefit
,,no benefit
554807.0,-138.0,no benefit
,,no benefit
,,no benefit
,,no benefit
552015.0,26.0,benefit
,,no benefit
,,no benefit
,,no benefit
,,no benefit
,,no benefit
,,no benefit
,,no benefit
,,no benefit
,,no benefit
,,no benefit
,,no benefit
,,no benefit
,,no benefit
,,no benefit
,,no benefit
,,no benefit
,,no benefit
,,no benefit
,,no benefit
,,no benefit
,,no benefit
,,no benefit
,,no benefit
,,no benefit
,,no benefit
,,no benefit
,,no benefit
,,no benefit
,,no benefit
,,no benefit
,,no benefit
,,no benefit
,,no benefit
,,no benefit
,,no benefit
,,no benefit
562925.0,29.0,benefit
,,no benefit
,,no benefit
,,no benefit
560890.0,-19.0,no benefit
,,no benefit
,,no benefit
,,no benefit
,,no benefit
,,no benefit
,,no benefit
,,no benefit
,,no benefit
,,no benefit
,,no benefit
,,no benefit
,,no benefit
,,no benefit
,,no benefit
,,no benefit
,,no benefit
,,no benefit
,,no benefit
547182.0,4.0,benefit
,,no benefit
,,no benefit
,,no benefit
,,no benefit
,,no benefit
,,no benefit
,,no benefit
,,no benefit
,,no benefit
,,no benefit
,,no benefit
,,no benefit
,,no benefit
,,no benefit
,,no benefit
539837.0,62.0,benefit
,,no benefit
,,no benefit
,,no benefit
,,no benefit
,,no benefit
,,no benefit
,,no benefit
,,no benefit
540896.0,-173.0,no benefit
,,no benefit
,,no benefit
,,no benefit
,,no benefit
,,no benefit
,,no benefit
,,no benefit
,,no benefit
,,no benefit
,,no benefit
,,no benefit
,,no benefit
,,no benefit
542566.0,316.0,benefit
,,no benefit
,,no benefit
,,no benefit
,,no benefit
,,no benefit
,,no benefit
,,no benefit
,,no benefit
,,no benefit
,,no benefit
,,no benefit
558480.0,-15.0,no benefit
,,no benefit
,,no benefit
,,no benefit
,,no benefit
,,no benefit
,,no benefit
,,no benefit
,,no benefit
,,no benefit
,,no benefit
,,no benefit
558780.0,-7.0,no benefit
,,no benefit
,,no benefit
,,no benefit
,,no benefit
,,no benefit
,,no benefit
,,no benefit
557353.0,324.0,benefit
,,no benefit
,,no benefit
,,no benefit
,,no benefit
,,no benefit
,,no benefit
,,no benefit
,,no benefit
,,no benefit
,,no benefit
,,no benefit
,,no benefit
,,no benefit
,,no benefit
,,no benefit
,,no benefit
,,no benefit
,,no benefit
557052.0,-29.0,no benefit
,,no benefit
,,no benefit
,,no benefit
559138.0,33.0,benefit
,,no benefit
,,no benefit
,,no benefit
,,no benefit
,,no benefit
,,no benefit
,,no benefit
,,no benefit
,,no benefit
,,no benefit
,,no benefit
,,no benefit
,,no benefit
,,no benefit
,,no benefit
563347.0,-212.0,no benefit
,,no benefit
,,no benefit
,,no benefit
,,no benefit
,,no benefit
,,no benefit
,,no benefit
,,no benefit
,,no benefit
,,no benefit
,,no benefit
,,no benefit
546762.0,1.0,benefit
,,no benefit
,,no benefit
,,no benefit
,,no benefit
,,no benefit
,,no benefit
,,no benefit
552187.0,8.0,benefit
558076.0,-22.0,no benefit
,,no benefit
,,no benefit
,,no benefit
,,no benefit
,,no benefit
,,no benefit
,,no benefit
,,no benefit
,,no benefit
,,no benefit
,,no benefit
557343.0,104.0,benefit
,,no benefit
,,no benefit
,,no benefit
,,no benefit
,,no benefit
537960.0,31.0,benefit
,,no benefit
,,no benefit
,,no benefit
,,no benefit
,,no benefit
,,no benefit
,,no benefit
,,no benefit
,,no benefit
,,no benefit
,,no benefit
,,no benefit
,,no benefit
,,no benefit
,,no benefit
,,no benefit
,,no benefit
567616.0,59.0,benefit
,,no benefit
,,no benefit
555354.0,-713.0,no benefit
,,no benefit
,,no benefit
,,no benefit
,,no benefit
,,no benefit
,,no benefit
,,no benefit
561903.0,-7.0,no benefit
,,no benefit
,,no benefit
,,no benefit
,,no benefit
,,no benefit
,,no benefit
,,no benefit
,,no benefit
,,no benefit
,,no benefit
,,no benefit
,,no benefit
,,no benefit
,,no benefit
,,no benefit
,,no benefit
,,no benefit
,,no benefit
518660.0,32.0,benefit
,,no benefit
,,no benefit
543851.0,12.0,benefit
,,no benefit
,,no benefit
,,no benefit
,,no benefit
,,no benefit
,,no benefit
,,no benefit
,,no benefit
,,no benefit
,,no benefit
,,no benefit
553125.0,88.0,benefit
,,no benefit
547655.0,89.0,benefit
,,no benefit
,,no benefit
,,no benefit
,,no benefit
,,no benefit
,,no benefit
,,no benefit
,,no benefit
,,no benefit
,,no benefit
,,no benefit
,,no benefit
,,no benefit
,,no benefit
,,no benefit
544832.0,53.0,benefit
,,no benefit
,,no benefit
,,no benefit
,,no benefit
,,no benefit
,,no benefit
,,no benefit
547969.0,-52.0,no benefit
,,no benefit
,,no benefit
,,no benefit
,,no benefit
,,no benefit
,,no benefit
,,no benefit
,,no benefit
,,no benefit
,,no benefit
,,no benefit
,,no benefit
,,no benefit
,,no benefit
,,no benefit
,,no benefit
,,no benefit
,,no benefit
,,no benefit
,,no benefit
,,no benefit
,,no benefit
,,no benefit
,,no benefit
,,no benefit
,,no benefit
,,no benefit
,,no benefit
551963.0,62.0,benefit
,,no benefit
,,no benefit
,,no benefit
,,no benefit
,,no benefit
,,no benefit
,,no benefit
,,no benefit
,,no benefit
,,no benefit
,,no benefit
,,no benefit
,,no benefit
,,no benefit
,,no benefit
,,no benefit
,,no benefit
,,no benefit
,,no benefit
,,no benefit
,,no benefit
,,no benefit
,,no benefit
,,no benefit
,,no benefit
,,no benefit
,,no benefit
,,no benefit
,,no benefit
,,no benefit
,,no benefit
,,no benefit
,,no benefit
,,no benefit
,,no benefit
,,no benefit
,,no benefit
,,no benefit
,,no benefit
,,no benefit
,,no benefit
546263.0,-21.0,no benefit
,,no benefit
,,no benefit
,,no benefit
,,no benefit
,,no benefit
,,no benefit
,,no benefit
,,no benefit
,,no benefit
,,no benefit
557661.0,-626.0,no benefit
,,no benefit
,,no benefit
,,no benefit
,,no benefit
,,no benefit
,,no benefit
542037.0,188.0,benefit
,,no benefit
,,no benefit
,,no benefit
,,no benefit
,,no benefit
,,no benefit
,,no benefit
,,no benefit
,,no benefit
,,no benefit
,,no benefit
,,no benefit
,,no benefit
,,no benefit
,,no benefit
,,no benefit
,,no benefit
,,no benefit
,,no benefit
,,no benefit
,,no benefit
560091.0,527.0,benefit
,,no benefit
,,no benefit
,,no benefit
,,no benefit
,,no benefit
560823.0,-37.0,no benefit
,,no benefit
558473.0,-203.0,no benefit
,,no benefit
,,no benefit
560501.0,15.0,benefit
,,no benefit
,,no benefit
,,no benefit
,,no benefit
,,no benefit
,,no benefit
565338.0,-35.0,no benefit
,,no benefit
,,no benefit
,,no benefit
,,no benefit
,,no benefit
,,no benefit
,,no benefit
,,no benefit
,,no benefit
,,no benefit
,,no benefit
,,no benefit
,,no benefit
,,no benefit
,,no benefit
,,no benefit
,,no benefit
,,no benefit
,,no benefit
,,no benefit
,,no benefit
533701.0,-121.0,no benefit
,,no benefit
,,no benefit
,,no benefit
,,no benefit
,,no benefit
,,no benefit
,,no benefit
,,no benefit
,,no benefit
,,no benefit
,,no benefit
,,no benefit
,,no benefit
,,no benefit
,,no benefit
,,no benefit
,,no benefit
,,no benefit
,,no benefit
556605.0,-15.0,no benefit
,,no benefit
553934.0,-61.0,no benefit
,,no benefit
,,no benefit
,,no benefit
,,no benefit
552177.0,147.0,benefit
,,no benefit
,,no benefit
,,no benefit
540139.0,-17.0,no benefit
,,no benefit
,,no benefit
,,no benefit
,,no benefit
551402.0,94.0,benefit
,,no benefit
,,no benefit
,,no benefit
,,no benefit
558507.0,-89.0,no benefit
,,no benefit
542471.0,-98.0,no benefit
,,no benefit
,,no benefit
557553.0,50.0,benefit
,,no benefit
,,no benefit
,,no benefit
,,no benefit
,,no benefit
,,no benefit
,,no benefit
,,no benefit
,,no benefit
,,no benefit
553100.0,67.0,benefit
,,no benefit
556448.0,14.0,benefit
,,no benefit
,,no benefit
,,no benefit
555952.0,-8.0,no benefit
,,no benefit
,,no benefit
552371.0,47.0,benefit
,,no benefit
,,no benefit
,,no benefit
,,no benefit
,,no benefit
,,no benefit
,,no benefit
,,no benefit
559632.0,33.0,benefit
,,no benefit
,,no benefit
,,no benefit
,,no benefit
560197.0,-7.0,no benefit
,,no benefit
,,no benefit
,,no benefit
,,no benefit
,,no benefit
,,no benefit
565711.0,-86.0,no benefit
,,no benefit
,,no benefit
,,no benefit
,,no benefit
,,no benefit
,,no benefit
,,no benefit
,,no benefit
,,no benefit
,,no benefit
,,no benefit
,,no benefit
,,no benefit
,,no benefit
,,no benefit
,,no benefit
,,no benefit
,,no benefit
,,no benefit
,,no benefit
,,no benefit
,,no benefit
,,no benefit
,,no benefit
,,no benefit
556895.0,111.0,benefit
,,no benefit
,,no benefit
,,no benefit
,,no benefit
,,no benefit
,,no benefit
,,no benefit
,,no benefit
,,no benefit
,,no benefit
,,no benefit
,,no benefit
,,no benefit
,,no benefit
,,no benefit
,,no benefit
,,no benefit
,,no benefit
,,no benefit
,,no benefit
,,no benefit
540776.0,6.0,benefit
,,no benefit
,,no benefit
,,no benefit
,,no benefit
,,no benefit
,,no benefit
,,no benefit
,,no benefit
531518.0,3.0,benefit
,,no benefit
,,no benefit
,,no benefit
,,no benefit
,,no benefit
,,no benefit
,,no benefit
545276.0,-19.0,no benefit
,,no benefit
,,no benefit
,,no benefit
,,no benefit
,,no benefit
567693.0,114.0,benefit
,,no benefit
,,no benefit
,,no benefit
,,no benefit
,,no benefit
,,no benefit
,,no benefit
541079.0,-24.0,no benefit
,,no benefit
,,no benefit
,,no benefit
542241.0,-16.0,no benefit
,,no benefit
,,no benefit
544632.0,34.0,benefit
,,no benefit
,,no benefit
537812.0,-1.0,no benefit
,,no benefit
,,no benefit
,,no benefit
,,no benefit
,,no benefit
,,no benefit
,,no benefit
,,no benefit
,,no benefit
,,no benefit
,,no benefit
,,no benefit
,,no benefit
,,no benefit
,,no benefit
,,no benefit
,,no benefit
,,no benefit
,,no benefit
,,no benefit
,,no benefit
,,no benefit
,,no benefit
,,no benefit
,,no benefit
,,no benefit
,,no benefit
,,no benefit
,,no benefit
,,no benefit
,,no benefit
540617.0,-884.0,no benefit
,,no benefit
548903.0,221.0,benefit
,,no benefit
,,no benefit
,,no benefit
543333.0,3.0,benefit
,,no benefit
,,no benefit
,,no benefit
,,no benefit
,,no benefit
,,no benefit
,,no benefit
,,no benefit
,,no benefit
,,no benefit
,,no benefit
,,no benefit
,,no benefit
,,no benefit
,,no benefit
551565.0,176.0,benefit
,,no benefit
,,no benefit
,,no benefit
544722.0,-822.0,no benefit
,,no benefit
,,no benefit
,,no benefit
,,no benefit
,,no benefit
,,no benefit
,,no benefit
,,no benefit
,,no benefit
,,no benefit
,,no benefit
,,no benefit
,,no benefit
,,no benefit
,,no benefit
,,no benefit
,,no benefit
,,no benefit
,,no benefit
,,no benefit
,,no benefit
,,no benefit
,,no benefit
,,no benefit
548193.0,158.0,benefit
,,no benefit
,,no benefit
,,no benefit
,,no benefit
,,no benefit
,,no benefit
,,no benefit
,,no benefit
,,no benefit
,,no benefit
,,no benefit
,,no benefit
,,no benefit
,,no benefit
,,no benefit
,,no benefit
,,no benefit
,,no benefit
,,no benefit
,,no benefit
,,no benefit
,,no benefit
,,no benefit
,,no benefit
,,no benefit
,,no benefit
,,no benefit
,,no benefit
,,no benefit
,,no benefit
,,no benefit
,,no benefit
,,no benefit
,,no benefit
,,no benefit
552738.0,165.0,benefit
,,no benefit
,,no benefit
,,no benefit
,,no benefit
,,no benefit
,,no benefit
,,no benefit
,,no benefit
,,no benefit
,,no benefit
,,no benefit
,,no benefit
,,no benefit
,,no benefit
,,no benefit
,,no benefit
,,no benefit
,,no benefit
562526.0,-206.0,no benefit
560263.0,13.0,benefit
,,no benefit
,,no benefit
,,no benefit
,,no benefit
,,no benefit
564323.0,-22.0,no benefit
,,no benefit
,,no benefit
,,no benefit
,,no benefit
,,no benefit
,,no benefit
,,no benefit
,,no benefit
,,no benefit
,,no benefit
,,no benefit
,,no benefit
,,no benefit
,,no benefit
,,no benefit
,,no benefit
,,no benefit
,,no benefit
,,no benefit
,,no benefit
,,no benefit
,,no benefit
,,no benefit
,,no benefit
,,no benefit
,,no benefit
,,no benefit
,,no benefit
,,no benefit
,,no benefit
,,no benefit
,,no benefit
,,no benefit
,,no benefit
,,no benefit
,,no benefit
,,no benefit
,,no benefit
,,no benefit
,,no benefit
,,no benefit
,,no benefit
,,no benefit
,,no benefit
,,no benefit
556474.0,118.0,benefit
,,no benefit
,,no benefit
,,no benefit
,,no benefit
,,no benefit
,,no benefit
,,no benefit
565228.0,4258.0,benefit
,,no benefit
,,no benefit
,,no benefit
561247.0,2.0,benefit
,,no benefit
,,no benefit
557093.0,-37.0,no benefit
560539.0,-6.0,no benefit
,,no benefit
552810.0,45.0,benefit
,,no benefit
,,no benefit
,,no benefit
,,no benefit
,,no benefit
565660.0,2.0,benefit
,,no benefit
,,no benefit
,,no benefit
,,no benefit
,,no benefit
,,no benefit
,,no benefit
,,no benefit
,,no benefit
,,no benefit
,,no benefit
,,no benefit
,,no benefit
,,no benefit
,,no benefit
,,no benefit
,,no benefit
,,no benefit
,,no benefit
,,no benefit
,,no benefit
,,no benefit
,,no benefit
,,no benefit
,,no benefit
,,no benefit
559220.0,-746.0,no benefit
,,no benefit
,,no benefit
,,no benefit
,,no benefit
,,no benefit
,,no benefit
563188.0,-38.0,no benefit
,,no benefit
,,no benefit
,,no benefit
,,no benefit
,,no benefit
563668.0,24.0,benefit
,,no benefit
,,no benefit
,,no benefit
,,no benefit
,,no benefit
,,no benefit
,,no benefit
,,no benefit
,,no benefit
,,no benefit
569171.0,-59.0,no benefit
,,no benefit
565353.0,-47.0,no benefit
,,no benefit
,,no benefit
543354.0,-71.0,no benefit
,,no benefit
,,no benefit
,,no benefit
,,no benefit
,,no benefit
,,no benefit
,,no benefit
,,no benefit
,,no benefit
557540.0,-69.0,no benefit
,,no benefit
,,no benefit
,,no benefit
,,no benefit
,,no benefit
,,no benefit
,,no benefit
,,no benefit
,,no benefit
540134.0,62.0,benefit
,,no benefit
,,no benefit
,,no benefit
,,no benefit
,,no benefit
,,no benefit
538875.0,-875.0,no benefit
545715.0,47.0,benefit
,,no benefit
,,no benefit
,,no benefit
,,no benefit
573462.0,-88.0,no benefit
,,no benefit
,,no benefit
,,no benefit
,,no benefit
,,no benefit
,,no benefit
,,no benefit
,,no benefit
,,no benefit
,,no benefit
545833.0,46.0,benefit
,,no benefit
,,no benefit
,,no benefit
,,no benefit
,,no benefit
,,no benefit
,,no benefit
,,no benefit
,,no benefit
,,no benefit
,,no benefit
,,no benefit
,,no benefit
,,no benefit
,,no benefit
566456.0,-15.0,no benefit
,,no benefit
,,no benefit
,,no benefit
,,no benefit
,,no benefit
,,no benefit
,,no benefit
,,no benefit
,,no benefit
,,no benefit
,,no benefit
,,no benefit
,,no benefit
563988.0,-5.0,no benefit
,,no benefit
,,no benefit
,,no benefit
,,no benefit
,,no benefit
,,no benefit
,,no benefit
,,no benefit
,,no benefit
,,no benefit
,,no benefit
,,no benefit
,,no benefit
,,no benefit
561893.0,52.0,benefit
,,no benefit
565126.0,4.0,benefit
,,no benefit
,,no benefit
,,no benefit
,,no benefit
568169.0,-76.0,no benefit
564542.0,-97.0,no benefit
,,no benefit
,,no benefit
,,no benefit
,,no benefit
565921.0,39.0,benefit
560343.0,-46.0,no benefit
,,no benefit
,,no benefit
,,no benefit
,,no benefit
,,no benefit
,,no benefit
562174.0,73.0,benefit
,,no benefit
,,no benefit
,,no benefit
,,no benefit
,,no benefit
,,no benefit
,,no benefit
,,no benefit
557980.0,1.0,benefit
,,no benefit
,,no benefit
,,no benefit
,,no benefit
,,no benefit
,,no benefit
,,no benefit
,,no benefit
,,no benefit
,,no benefit
,,no benefit
,,no benefit
,,no benefit
549891.0,-14.0,no benefit
572986.0,63.0,benefit
,,no benefit
,,no benefit
,,no benefit
,,no benefit
568753.0,-18.0,no benefit
,,no benefit
,,no benefit
,,no benefit
,,no benefit
,,no benefit
,,no benefit
,,no benefit
,,no benefit
,,no benefit
,,no benefit
,,no benefit
,,no benefit
,,no benefit
,,no benefit
,,no benefit
,,no benefit
,,no benefit
,,no benefit
,,no benefit
,,no benefit
,,no benefit
,,no benefit
,,no benefit
,,no benefit
569360.0,87.0,benefit
560535.0,133.0,benefit
,,no benefit
,,no benefit
,,no benefit
,,no benefit
,,no benefit
,,no benefit
,,no benefit
,,no benefit
,,no benefit
553865.0,45.0,benefit
,,no benefit
555668.0,17.0,benefit
,,no benefit
,,no benefit
,,no benefit
,,no benefit
,,no benefit
,,no benefit
,,no benefit
,,no benefit
,,no benefit
,,no benefit
,,no benefit
,,no benefit
,,no benefit
,,no benefit
,,no benefit
,,no benefit
,,no benefit
,,no benefit
,,no benefit
553320.0,-1414.0,no benefit
,,no benefit
,,no benefit
,,no benefit
,,no benefit
,,no benefit
,,no benefit
,,no benefit
,,no benefit
,,no benefit
,,no benefit
,,no benefit
,,no benefit
550343.0,44.0,benefit
,,no benefit
,,no benefit
,,no benefit
,,no benefit
,,no benefit
,,no benefit
,,no benefit
552427.0,-157.0,no benefit
,,no benefit
554230.0,15.0,benefit
,,no benefit
558883.0,-3.0,no benefit
558338.0,-71.0,no benefit
,,no benefit
,,no benefit
,,no benefit
,,no benefit
,,no benefit
553244.0,-880.0,no benefit
,,no benefit
,,no benefit
,,no benefit
,,no benefit
,,no benefit
,,no benefit
,,no benefit
,,no benefit
,,no benefit
,,no benefit
559148.0,617.0,benefit
,,no benefit
549796.0,-96.0,no benefit
,,no benefit
,,no benefit
,,no benefit
,,no benefit
,,no benefit
,,no benefit
,,no benefit
,,no benefit
,,no benefit
,,no benefit
,,no benefit
,,no benefit
,,no benefit
,,no benefit
,,no benefit
,,no benefit
,,no benefit
,,no benefit
,,no benefit
,,no benefit
554183.0,-426.0,no benefit
,,no benefit
,,no benefit
,,no benefit
,,no benefit
,,no benefit
,,no benefit
,,no benefit
,,no benefit
527165.0,-892.0,no benefit
,,no benefit
,,no benefit
,,no benefit
,,no benefit
,,no benefit
,,no benefit
,,no benefit
574639.0,6.0,benefit
,,no benefit
,,no benefit
560375.0,140.0,benefit
,,no benefit
,,no benefit
,,no benefit
,,no benefit
,,no benefit
,,no benefit
,,no benefit
569963.0,61.0,benefit
,,no benefit
,,no benefit
,,no benefit
,,no benefit
,,no benefit
,,no benefit
,,no benefit
,,no benefit
,,no benefit
,,no benefit
,,no benefit
,,no benefit
,,no benefit
572521.0,-875.0,no benefit
573913.0,156.0,benefit
,,no benefit
,,no benefit
,,no benefit
,,no benefit
,,no benefit
,,no benefit
,,no benefit
,,no benefit
,,no benefit
,,no benefit
,,no benefit
,,no benefit
,,no benefit
,,no benefit
,,no benefit
565967.0,12.0,benefit
563040.0,41.0,benefit
,,no benefit
563040.0,41.0,benefit
,,no benefit
,,no benefit
,,no benefit
,,no benefit
568035.0,47.0,benefit
,,no benefit
,,no benefit
,,no benefit
,,no benefit
,,no benefit
,,no benefit
,,no benefit
,,no benefit
,,no benefit
,,no benefit
,,no benefit
,,no benefit
,,no benefit
,,no benefit
,,no benefit
,,no benefit
,,no benefit
,,no benefit
,,no benefit
,,no benefit
,,no benefit
,,no benefit
,,no benefit
570644.0,18.0,benefit
570367.0,74.0,benefit
,,no benefit
,,no benefit
,,no benefit
,,no benefit
,,no benefit
,,no benefit
,,no benefit
,,no benefit
,,no benefit
,,no benefit
,,no benefit
,,no benefit
,,no benefit
,,no benefit
539310.0,30.0,benefit
,,no benefit
,,no benefit
,,no benefit
,,no benefit
,,no benefit
,,no benefit
,,no benefit
,,no benefit
,,no benefit
,,no benefit
,,no benefit
,,no benefit
559824.0,14.0,benefit
554767.0,111.0,benefit
,,no benefit
,,no benefit
,,no benefit
572385.0,153.0,benefit
,,no benefit
,,no benefit
563946.0,-146.0,no benefit
563004.0,-72.0,no benefit
,,no benefit
528782.0,3.0,benefit
,,no benefit
,,no benefit
,,no benefit
,,no benefit
555979.0,-111.0,no benefit
,,no benefit
,,no benefit
,,no benefit
506459.0,-28.0,no benefit
,,no benefit
,,no benefit
,,no benefit
,,no benefit
,,no benefit
,,no benefit
,,no benefit
,,no benefit
,,no benefit
,,no benefit
,,no benefit
,,no benefit
,,no benefit
,,no benefit
,,no benefit
,,no benefit
,,no benefit
,,no benefit
,,no benefit
,,no benefit
,,no benefit
,,no benefit
,,no benefit
551649.0,34.0,benefit
,,no benefit
,,no benefit
,,no benefit
,,no benefit
,,no benefit
,,no benefit
,,no benefit
,,no benefit
,,no benefit
,,no benefit
,,no benefit
555908.0,-75.0,no benefit
,,no benefit
,,no benefit
,,no benefit
,,no benefit
549765.0,11.0,benefit
,,no benefit
,,no benefit
,,no benefit
,,no benefit
,,no benefit
,,no benefit
,,no benefit
,,no benefit
,,no benefit
,,no benefit
,,no benefit
,,no benefit
,,no benefit
,,no benefit
,,no benefit
,,no benefit
,,no benefit
,,no benefit
,,no benefit
,,no benefit
,,no benefit
,,no benefit
,,no benefit
560395.0,-51.0,no benefit
,,no benefit
,,no benefit
,,no benefit
,,no benefit
573893.0,-19.0,no benefit
,,no benefit
,,no benefit
,,no benefit
,,no benefit
,,no benefit
,,no benefit
,,no benefit
568070.0,78.0,benefit
567028.0,-84.0,no benefit
,,no benefit
,,no benefit
,,no benefit
,,no benefit
,,no benefit
,,no benefit
,,no benefit
,,no benefit
,,no benefit
,,no benefit
,,no benefit
,,no benefit
574540.0,153.0,benefit
,,no benefit
,,no benefit
574325.0,169.0,benefit
,,no benefit
,,no benefit
,,no benefit
,,no benefit
,,no benefit
,,no benefit
,,no benefit
,,no benefit
,,no benefit
,,no benefit
,,no benefit
,,no benefit
574480.0,-374.0,no benefit
,,no benefit
,,no benefit
,,no benefit
,,no benefit
,,no benefit
,,no benefit
,,no benefit
,,no benefit
,,no benefit
,,no benefit
,,no benefit
,,no benefit
557740.0,86.0,benefit
,,no benefit
,,no benefit
,,no benefit
558647.0,-60.0,no benefit
,,no benefit
,,no benefit
,,no benefit
,,no benefit
,,no benefit
,,no benefit
,,no benefit
,,no benefit
,,no benefit
,,no benefit
,,no benefit
,,no benefit
,,no benefit
,,no benefit
,,no benefit
,,no benefit
,,no benefit
,,no benefit
,,no benefit
,,no benefit
564529.0,24.0,benefit
,,no benefit
,,no benefit
,,no benefit
,,no benefit
,,no benefit
,,no benefit
,,no benefit
,,no benefit
,,no benefit
,,no benefit
,,no benefit
,,no benefit
,,no benefit
,,no benefit
,,no benefit
,,no benefit
,,no benefit
,,no benefit
,,no benefit
,,no benefit
,,no benefit
,,no benefit
,,no benefit
567827.0,-6.0,no benefit
,,no benefit
,,no benefit
,,no benefit
,,no benefit
,,no benefit
,,no benefit
,,no benefit
,,no benefit
,,no benefit
,,no benefit
,,no benefit
555548.0,31.0,benefit
,,no benefit
,,no benefit
,,no benefit
564523.0,51.0,benefit
,,no benefit
,,no benefit
,,no benefit
,,no benefit
,,no benefit
559683.0,19.0,benefit
,,no benefit
,,no benefit
,,no benefit
,,no benefit
,,no benefit
,,no benefit
,,no benefit
,,no benefit
,,no benefit
567036.0,86.0,benefit
,,no benefit
,,no benefit
,,no benefit
,,no benefit
,,no benefit
,,no benefit
,,no benefit
,,no benefit
,,no benefit
,,no benefit
,,no benefit
,,no benefit
,,no benefit
,,no benefit
,,no benefit
,,no benefit
,,no benefit
,,no benefit
,,no benefit
570928.0,51.0,benefit
568419.0,28.0,benefit
,,no benefit
,,no benefit
,,no benefit
,,no benefit
,,no benefit
,,no benefit
,,no benefit
,,no benefit
,,no benefit
,,no benefit
,,no benefit
,,no benefit
,,no benefit
,,no benefit
,,no benefit
,,no benefit
,,no benefit
,,no benefit
,,no benefit
,,no benefit
,,no benefit
,,no benefit
,,no benefit
,,no benefit
,,no benefit
,,no benefit
,,no benefit
,,no benefit
546634.0,-9.0,no benefit
,,no benefit
,,no benefit
,,no benefit
,,no benefit
,,no benefit
,,no benefit
,,no benefit
,,no benefit
,,no benefit
,,no benefit
,,no benefit
,,no benefit
,,no benefit
,,no benefit
,,no benefit
,,no benefit
,,no benefit
,,no benefit
,,no benefit
,,no benefit
,,no benefit
,,no benefit
,,no benefit
,,no benefit
,,no benefit
550592.0,0.0,no benefit
,,no benefit
,,no benefit
,,no benefit
,,no benefit
548540.0,-147.0,no benefit
,,no benefit
,,no benefit
,,no benefit
,,no benefit
,,no benefit
,,no benefit
,,no benefit
,,no benefit
,,no benefit
,,no benefit
,,no benefit
,,no benefit
557598.0,120.0,benefit
,,no benefit
,,no benefit
,,no benefit
,,no benefit
,,no benefit
,,no benefit
,,no benefit
,,no benefit
,,no benefit
,,no benefit
,,no benefit
,,no benefit
,,no benefit
,,no benefit
,,no benefit
,,no benefit
,,no benefit
,,no benefit
,,no benefit
,,no benefit
,,no benefit
,,no benefit
,,no benefit
,,no benefit
,,no benefit
,,no benefit
,,no benefit
,,no benefit
,,no benefit
,,no benefit
,,no benefit
,,no benefit
,,no benefit
,,no benefit
,,no benefit
,,no benefit
,,no benefit
,,no benefit
,,no benefit
,,no benefit
,,no benefit
,,no benefit
,,no benefit
,,no benefit
,,no benefit
,,no benefit
,,no benefit
,,no benefit
,,no benefit
,,no benefit
,,no benefit
,,no benefit
,,no benefit
,,no benefit
,,no benefit
,,no benefit
,,no benefit
,,no benefit
,,no benefit
561643.0,16.0,benefit
549715.0,87.0,benefit
,,no benefit
,,no benefit
563827.0,-486.0,no benefit
561113.0,-2109.0,no benefit
,,no benefit
,,no benefit
,,no benefit
,,no benefit
,,no benefit
,,no benefit
,,no benefit
,,no benefit
,,no benefit
,,no benefit
,,no benefit
,,no benefit
,,no benefit
,,no benefit
,,no benefit
,,no benefit
,,no benefit
,,no benefit
,,no benefit
,,no benefit
,,no benefit
,,no benefit
,,no benefit
,,no benefit
,,no benefit
,,no benefit
,,no benefit
,,no benefit
,,no benefit
,,no benefit
,,no benefit
565199.0,-66.0,no benefit
,,no benefit
,,no benefit
,,no benefit
,,no benefit
,,no benefit
,,no benefit
,,no benefit
548208.0,20.0,benefit
,,no benefit
,,no benefit
,,no benefit
,,no benefit
,,no benefit
,,no benefit
,,no benefit
,,no benefit
,,no benefit
,,no benefit
,,no benefit
567507.0,-82.0,no benefit
,,no benefit
,,no benefit
,,no benefit
,,no benefit
,,no benefit
569808.0,-92.0,no benefit
,,no benefit
,,no benefit
,,no benefit
,,no benefit
,,no benefit
,,no benefit
,,no benefit
,,no benefit
,,no benefit
,,no benefit
,,no benefit
,,no benefit
533526.0,-9.0,no benefit
,,no benefit
,,no benefit
,,no benefit
,,no benefit
,,no benefit
,,no benefit
,,no benefit
,,no benefit
,,no benefit
,,no benefit
532441.0,21.0,benefit
533719.0,322.0,benefit
,,no benefit
,,no benefit
,,no benefit
,,no benefit
,,no benefit
,,no benefit
539726.0,74.0,benefit
,,no benefit
506194.0,21.0,benefit
,,no benefit
571780.0,-125.0,no benefit
,,no benefit
,,no benefit
,,no benefit
,,no benefit
,,no benefit
,,no benefit
574297.0,3.0,benefit
,,no benefit
,,no benefit
,,no benefit
,,no benefit
,,no benefit
,,no benefit
,,no benefit
,,no benefit
553994.0,120.0,benefit
,,no benefit
,,no benefit
,,no benefit
,,no benefit
,,no benefit
,,no benefit
,,no benefit
544742.0,-36.0,no benefit
,,no benefit
,,no benefit
,,no benefit
,,no benefit
557514.0,47.0,benefit
,,no benefit
,,no benefit
,,no benefit
,,no benefit
,,no benefit
,,no benefit
,,no benefit
,,no benefit
,,no benefit
,,no benefit
,,no benefit
,,no benefit
,,no benefit
,,no benefit
,,no benefit
,,no benefit
,,no benefit
,,no benefit
,,no benefit
,,no benefit
559379.0,1.0,benefit
,,no benefit
,,no benefit
,,no benefit
,,no benefit
,,no benefit
,,no benefit
554378.0,-315.0,no benefit
,,no benefit
,,no benefit
558491.0,25.0,benefit
,,no benefit
,,no benefit
574013.0,-514.0,no benefit
521403.0,-31.0,no benefit
,,no benefit
,,no benefit
,,no benefit
,,no benefit
,,no benefit
,,no benefit
,,no benefit
,,no benefit
,,no benefit
,,no benefit
,,no benefit
,,no benefit
,,no benefit
,,no benefit
,,no benefit
,,no benefit
,,no benefit
,,no benefit
,,no benefit
,,no benefit
,,no benefit
,,no benefit
,,no benefit
,,no benefit
,,no benefit
569793.0,50.0,benefit
,,no benefit
,,no benefit
,,no benefit
562389.0,16.0,benefit
,,no benefit
,,no benefit
575053.0,22.0,benefit
,,no benefit
,,no benefit
,,no benefit
562807.0,-14.0,no benefit
,,no benefit
,,no benefit
,,no benefit
,,no benefit
,,no benefit
,,no benefit
,,no benefit
,,no benefit
,,no benefit
,,no benefit
,,no benefit
,,no benefit
,,no benefit
,,no benefit
564975.0,-19.0,no benefit
,,no benefit
,,no benefit
,,no benefit
,,no benefit
,,no benefit
,,no benefit
,,no benefit
,,no benefit
,,no benefit
,,no benefit
,,no benefit
,,no benefit
,,no benefit
,,no benefit
,,no benefit
,,no benefit
,,no benefit
,,no benefit
,,no benefit
567711.0,148.0,benefit
569375.0,60.0,benefit
,,no benefit
,,no benefit
,,no benefit
571965.0,17.0,benefit
,,no benefit
,,no benefit
,,no benefit
,,no benefit
,,no benefit
,,no benefit
,,no benefit
,,no benefit
,,no benefit
,,no benefit
,,no benefit
,,no benefit
,,no benefit
,,no benefit
,,no benefit
,,no benefit
,,no benefit
,,no benefit
,,no benefit
,,no benefit
,,no benefit
,,no benefit
,,no benefit
,,no benefit
,,no benefit
,,no benefit
,,no benefit
565171.0,-15.0,no benefit
540924.0,2.0,benefit
,,no benefit
,,no benefit
,,no benefit
,,no benefit
,,no benefit
,,no benefit
,,no benefit
,,no benefit
555533.0,-625.0,no benefit
,,no benefit
561921.0,-9.0,no benefit
,,no benefit
,,no benefit
,,no benefit
,,no benefit
,,no benefit
,,no benefit
,,no benefit
,,no benefit
,,no benefit
,,no benefit
,,no benefit
,,no benefit
,,no benefit
,,no benefit
,,no benefit
,,no benefit
,,no benefit
,,no benefit
,,no benefit
,,no benefit
,,no benefit
,,no benefit
,,no benefit
,,no benefit
,,no benefit
,,no benefit
,,no benefit
,,no benefit
,,no benefit
,,no benefit
,,no benefit
,,no benefit
,,no benefit
,,no benefit
,,no benefit
,,no benefit
,,no benefit
,,no benefit
,,no benefit
,,no benefit
,,no benefit
,,no benefit
,,no benefit
,,no benefit
,,no benefit
,,no benefit
,,no benefit
555368.0,138.0,benefit
,,no benefit
,,no benefit
,,no benefit
,,no benefit
,,no benefit
,,no benefit
,,no benefit
,,no benefit
,,no benefit
,,no benefit
,,no benefit
,,no benefit
,,no benefit
,,no benefit
,,no benefit
,,no benefit
,,no benefit
,,no benefit
,,no benefit
,,no benefit
,,no benefit
,,no benefit
,,no benefit
,,no benefit
,,no benefit
,,no benefit
565095.0,9.0,benefit
,,no benefit
,,no benefit
564155.0,-19.0,no benefit
561829.0,-16.0,no benefit
,,no benefit
566481.0,-9.0,no benefit
,,no benefit
,,no benefit
,,no benefit
,,no benefit
,,no benefit
,,no benefit
,,no benefit
,,no benefit
,,no benefit
,,no benefit
,,no benefit
,,no benefit
,,no benefit
,,no benefit
,,no benefit
,,no benefit
,,no benefit
572075.0,27.0,benefit
,,no benefit
,,no benefit
,,no benefit
,,no benefit
,,no benefit
,,no benefit
,,no benefit
,,no benefit
536095.0,-161.0,no benefit
,,no benefit
,,no benefit
,,no benefit
,,no benefit
,,no benefit
,,no benefit
,,no benefit
,,no benefit
,,no benefit
,,no benefit
,,no benefit
,,no benefit
,,no benefit
,,no benefit
,,no benefit
,,no benefit
,,no benefit
,,no benefit
,,no benefit
538564.0,-36.0,no benefit
,,no benefit
,,no benefit
,,no benefit
,,no benefit
,,no benefit
,,no benefit
,,no benefit
,,no benefit
541742.0,134.0,benefit
,,no benefit
,,no benefit
,,no benefit
,,no benefit
,,no benefit
,,no benefit
,,no benefit
509727.0,25.0,benefit
,,no benefit
,,no benefit
,,no benefit
,,no benefit
,,no benefit
,,no benefit
,,no benefit
,,no benefit
,,no benefit
,,no benefit
,,no benefit
,,no benefit
,,no benefit
,,no benefit
,,no benefit
539684.0,-166.0,no benefit
,,no benefit
,,no benefit
,,no benefit
,,no benefit
,,no benefit
,,no benefit
,,no benefit
,,no benefit
,,no benefit
,,no benefit
,,no benefit
539009.0,274.0,benefit
,,no benefit
,,no benefit
,,no benefit
,,no benefit
,,no benefit
,,no benefit
,,no benefit
,,no benefit
541002.0,19.0,benefit
,,no benefit
,,no benefit
,,no benefit
,,no benefit
,,no benefit
,,no benefit
,,no benefit
,,no benefit
,,no benefit
,,no benefit
,,no benefit
,,no benefit
,,no benefit
550978.0,0.0,no benefit
,,no benefit
,,no benefit
,,no benefit
,,no benefit
,,no benefit
,,no benefit
,,no benefit
,,no benefit
,,no benefit
546578.0,-536.0,no benefit
548560.0,24.0,benefit
,,no benefit
,,no benefit
,,no benefit
,,no benefit
,,no benefit
,,no benefit
,,no benefit
,,no benefit
,,no benefit
547969.0,-52.0,no benefit
,,no benefit
,,no benefit
,,no benefit
,,no benefit
,,no benefit
,,no benefit
,,no benefit
,,no benefit
,,no benefit
,,no benefit
,,no benefit
,,no benefit
,,no benefit
,,no benefit
,,no benefit
532915.0,76.0,benefit
,,no benefit
,,no benefit
,,no benefit
,,no benefit
,,no benefit
,,no benefit
,,no benefit
,,no benefit
,,no benefit
,,no benefit
,,no benefit
,,no benefit
560574.0,-2.0,no benefit
,,no benefit
,,no benefit
,,no benefit
,,no benefit
,,no benefit
,,no benefit
,,no benefit
,,no benefit
,,no benefit
,,no benefit
,,no benefit
,,no benefit
,,no benefit
,,no benefit
,,no benefit
,,no benefit
,,no benefit
,,no benefit
,,no benefit
,,no benefit
,,no benefit
,,no benefit
,,no benefit
,,no benefit
559958.0,-132.0,no benefit
,,no benefit
,,no benefit
,,no benefit
545947.0,-44.0,no benefit
,,no benefit
,,no benefit
,,no benefit
,,no benefit
548424.0,-7.0,no benefit
567058.0,88.0,benefit
,,no benefit
555522.0,-47.0,no benefit
,,no benefit
,,no benefit
,,no benefit
,,no benefit
,,no benefit
,,no benefit
,,no benefit
,,no benefit
,,no benefit
,,no benefit
536579.0,64.0,benefit
,,no benefit
,,no benefit
,,no benefit
,,no benefit
,,no benefit
,,no benefit
,,no benefit
,,no benefit
,,no benefit
,,no benefit
,,no benefit
,,no benefit
,,no benefit
,,no benefit
,,no benefit
,,no benefit
,,no benefit
,,no benefit
,,no benefit
,,no benefit
,,no benefit
,,no benefit
,,no benefit
,,no benefit
,,no benefit
,,no benefit
,,no benefit
,,no benefit
,,no benefit
,,no benefit
,,no benefit
,,no benefit
,,no benefit
,,no benefit
,,no benefit
,,no benefit
,,no benefit
,,no benefit
,,no benefit
,,no benefit
,,no benefit
,,no benefit
,,no benefit
,,no benefit
,,no benefit
,,no benefit
,,no benefit
,,no benefit
,,no benefit
,,no benefit
,,no benefit
,,no benefit
,,no benefit
,,no benefit
,,no benefit
,,no benefit
,,no benefit
,,no benefit
,,no benefit
,,no benefit
,,no benefit
,,no benefit
,,no benefit
,,no benefit
,,no benefit
,,no benefit
,,no benefit
,,no benefit
,,no benefit
,,no benefit
,,no benefit
,,no benefit
,,no benefit
551138.0,550.0,benefit
,,no benefit
548971.0,102.0,benefit
,,no benefit
,,no benefit
,,no benefit
,,no benefit
,,no benefit
,,no benefit
,,no benefit
,,no benefit
,,no benefit
550135.0,-208.0,no benefit
548851.0,-16.0,no benefit
,,no benefit
,,no benefit
,,no benefit
,,no benefit
,,no benefit
,,no benefit
,,no benefit
,,no benefit
,,no benefit
,,no benefit
548172.0,-29.0,no benefit
,,no benefit
,,no benefit
541329.0,-18.0,no benefit
,,no benefit
,,no benefit
,,no benefit
,,no benefit
553412.0,11.0,benefit
,,no benefit
,,no benefit
,,no benefit
,,no benefit
,,no benefit
,,no benefit
,,no benefit
,,no benefit
,,no benefit
,,no benefit
552971.0,-38.0,no benefit
,,no benefit
,,no benefit
557210.0,-10.0,no benefit
548278.0,-732.0,no benefit
552490.0,83.0,benefit
,,no benefit
,,no benefit
,,no benefit
,,no benefit
,,no benefit
,,no benefit
,,no benefit
,,no benefit
,,no benefit
,,no benefit
,,no benefit
,,no benefit
,,no benefit
,,no benefit
,,no benefit
,,no benefit
,,no benefit
,,no benefit
,,no benefit
,,no benefit
,,no benefit
,,no benefit
,,no benefit
,,no benefit
,,no benefit
,,no benefit
,,no benefit
,,no benefit
,,no benefit
,,no benefit
,,no benefit
,,no benefit
,,no benefit
,,no benefit
553022.0,-60.0,no benefit
,,no benefit
,,no benefit
,,no benefit
,,no benefit
,,no benefit
,,no benefit
,,no benefit
556011.0,99.0,benefit
,,no benefit
,,no benefit
,,no benefit
,,no benefit
,,no benefit
,,no benefit
,,no benefit
,,no benefit
,,no benefit
,,no benefit
,,no benefit
,,no benefit
,,no benefit
,,no benefit
,,no benefit
,,no benefit
,,no benefit
,,no benefit
,,no benefit
,,no benefit
542660.0,38.0,benefit
,,no benefit
,,no benefit
,,no benefit
,,no benefit
,,no benefit
,,no benefit
,,no benefit
,,no benefit
547786.0,107.0,benefit
,,no benefit
,,no benefit
,,no benefit
,,no benefit
,,no benefit
,,no benefit
,,no benefit
,,no benefit
,,no benefit
,,no benefit
,,no benefit
552342.0,-965.0,no benefit
559032.0,-40.0,no benefit
,,no benefit
,,no benefit
,,no benefit
558245.0,24.0,benefit
,,no benefit
,,no benefit
544750.0,-50.0,no benefit
,,no benefit
,,no benefit
559026.0,145.0,benefit
,,no benefit
,,no benefit
,,no benefit
,,no benefit
,,no benefit
,,no benefit
,,no benefit
,,no benefit
554958.0,183.0,benefit
,,no benefit
,,no benefit
,,no benefit
563942.0,-12.0,no benefit
,,no benefit
550186.0,21.0,benefit
,,no benefit
,,no benefit
,,no benefit
,,no benefit
,,no benefit
,,no benefit
,,no benefit
,,no benefit
,,no benefit
,,no benefit
,,no benefit
,,no benefit
,,no benefit
,,no benefit
,,no benefit
,,no benefit
,,no benefit
,,no benefit
,,no benefit
,,no benefit
,,no benefit
,,no benefit
,,no benefit
,,no benefit
,,no benefit
,,no benefit
,,no benefit
,,no benefit
,,no benefit
,,no benefit
,,no benefit
,,no benefit
,,no benefit
,,no benefit
,,no benefit
,,no benefit
,,no benefit
,,no benefit
,,no benefit
,,no benefit
,,no benefit
,,no benefit
,,no benefit
,,no benefit
,,no benefit
,,no benefit
,,no benefit
555447.0,-1421.0,no benefit
,,no benefit
,,no benefit
,,no benefit
,,no benefit
,,no benefit
,,no benefit
,,no benefit
,,no benefit
,,no benefit
,,no benefit
,,no benefit
,,no benefit
,,no benefit
,,no benefit
,,no benefit
,,no benefit
,,no benefit
,,no benefit
,,no benefit
,,no benefit
,,no benefit
,,no benefit
,,no benefit
558460.0,13.0,benefit
,,no benefit
,,no benefit
,,no benefit
,,no benefit
,,no benefit
,,no benefit
,,no benefit
,,no benefit
,,no benefit
,,no benefit
555436.0,-14.0,no benefit
,,no benefit
556960.0,-13.0,no benefit
,,no benefit
,,no benefit
,,no benefit
,,no benefit
534678.0,164.0,benefit
560542.0,4.0,benefit
,,no benefit
,,no benefit
,,no benefit
561577.0,-505.0,no benefit
,,no benefit
,,no benefit
,,no benefit
,,no benefit
,,no benefit
,,no benefit
,,no benefit
,,no benefit
,,no benefit
,,no benefit
,,no benefit
561771.0,268.0,benefit
,,no benefit
,,no benefit
,,no benefit
,,no benefit
,,no benefit
,,no benefit
,,no benefit
,,no benefit
,,no benefit
,,no benefit
,,no benefit
,,no benefit
565386.0,-103.0,no benefit
,,no benefit
,,no benefit
,,no benefit
,,no benefit
,,no benefit
,,no benefit
567436.0,-661.0,no benefit
,,no benefit
,,no benefit
,,no benefit
,,no benefit
,,no benefit
,,no benefit
,,no benefit
,,no benefit
,,no benefit
,,no benefit
,,no benefit
,,no benefit
,,no benefit
,,no benefit
,,no benefit
,,no benefit
,,no benefit
,,no benefit
,,no benefit
,,no benefit
,,no benefit
,,no benefit
,,no benefit
,,no benefit
,,no benefit
,,no benefit
,,no benefit
,,no benefit
,,no benefit
,,no benefit
,,no benefit
,,no benefit
,,no benefit
,,no benefit
,,no benefit
,,no benefit
,,no benefit
,,no benefit
,,no benefit
,,no benefit
,,no benefit
,,no benefit
,,no benefit
,,no benefit
,,no benefit
,,no benefit
,,no benefit
,,no benefit
,,no benefit
,,no benefit
,,no benefit
,,no benefit
,,no benefit
,,no benefit
,,no benefit
,,no benefit
,,no benefit
,,no benefit
,,no benefit
,,no benefit
,,no benefit
,,no benefit
,,no benefit
,,no benefit
,,no benefit
,,no benefit
,,no benefit
,,no benefit
,,no benefit
,,no benefit
,,no benefit
,,no benefit
,,no benefit
,,no benefit
,,no benefit
,,no benefit
,,no benefit
,,no benefit
,,no benefit
,,no benefit
,,no benefit
,,no benefit
,,no benefit
,,no benefit
,,no benefit
,,no benefit
,,no benefit
,,no benefit
561444.0,35.0,benefit
,,no benefit
564855.0,-48.0,no benefit
,,no benefit
564894.0,56.0,benefit
,,no benefit
,,no benefit
564756.0,39.0,benefit
569645.0,-25.0,no benefit
,,no benefit
,,no benefit
,,no benefit
,,no benefit
,,no benefit
,,no benefit
,,no benefit
,,no benefit
,,no benefit
,,no benefit
,,no benefit
,,no benefit
,,no benefit
,,no benefit
,,no benefit
,,no benefit
,,no benefit
,,no benefit
,,no benefit
,,no benefit
,,no benefit
,,no benefit
,,no benefit
,,no benefit
,,no benefit
,,no benefit
,,no benefit
,,no benefit
,,no benefit
,,no benefit
,,no benefit
546551.0,24.0,benefit
,,no benefit
,,no benefit
541645.0,39.0,benefit
567791.0,18.0,benefit
,,no benefit
,,no benefit
,,no benefit
,,no benefit
,,no benefit
,,no benefit
560988.0,-53.0,no benefit
,,no benefit
,,no benefit
,,no benefit
,,no benefit
,,no benefit
,,no benefit
,,no benefit
558088.0,-40.0,no benefit
,,no benefit
,,no benefit
,,no benefit
,,no benefit
,,no benefit
,,no benefit
,,no benefit
,,no benefit
,,no benefit
,,no benefit
,,no benefit
,,no benefit
,,no benefit
,,no benefit
,,no benefit
,,no benefit
,,no benefit
569556.0,-177.0,no benefit
,,no benefit
,,no benefit
,,no benefit
571227.0,-13.0,no benefit
,,no benefit
,,no benefit
,,no benefit
,,no benefit
,,no benefit
,,no benefit
,,no benefit
,,no benefit
,,no benefit
,,no benefit
,,no benefit
567708.0,283.0,benefit
,,no benefit
,,no benefit
562174.0,73.0,benefit
,,no benefit
566136.0,16.0,benefit
,,no benefit
567121.0,-275.0,no benefit
,,no benefit
,,no benefit
,,no benefit
,,no benefit
,,no benefit
,,no benefit
,,no benefit
,,no benefit
,,no benefit
545045.0,22.0,benefit
,,no benefit
,,no benefit
,,no benefit
,,no benefit
,,no benefit
,,no benefit
,,no benefit
,,no benefit
,,no benefit
,,no benefit
,,no benefit
,,no benefit
,,no benefit
,,no benefit
,,no benefit
,,no benefit
,,no benefit
,,no benefit
,,no benefit
,,no benefit
